CTUID,CTNAME,CMAUID,CMANAME,CMATYPE,CMAPUID,PRUID,PRNAME,80620000,81110000,83610000,83990000,86410000,58130000,59210000,61410000,70110000,70210000,72150000
5550021.00,0021.00,555,London,B,35555,35,Ontario,0,2,1,1,1,3,0,0,0,0,0
5410010.00,0010.00,541,Kitchener - Cambridge - Waterloo,B,35541,35,Ontario,1,1,1,1,6,0,0,1,0,0,0
5350091.02,0091.02,535,Toronto,B,35535,35,Ontario,0,7,0,0,7,1,1,0,3,0,0
5800161.01,0161.01,580,Greater Sudbury / Grand Sudbury,B,35580,35,Ontario,0,3,0,1,3,0,1,0,0,0,2
2050120.00,0120.00,205,Halifax,B,12205,12,Nova Scotia / Nouvelle-Écosse,0,0,0,0,0,0,0,0,1,0,0
4620659.06,0659.06,462,Montréal,B,24462,24,Quebec / Québec,0,1,4,0,3,0,0,0,0,0,0
5500001.02,0001.02,550,Guelph,B,35550,35,Ontario,0,0,0,1,1,0,0,0,0,0,0
5050151.08,0151.08,505,Ottawa - Gatineau (Ontario part / partie de l'Ontario),B,35505,35,Ontario,0,0,0,0,0,0,0,0,1,0,0
4620410.02,0410.02,462,Montréal,B,24462,24,Quebec / Québec,0,0,0,0,2,0,1,0,0,0,0
4620863.01,0863.01,462,Montréal,B,24462,24,Quebec / Québec,0,0,0,0,0,0,0,0,0,0,0
5350128.02,0128.02,535,Toronto,B,35535,35,Ontario,1,9,3,2,7,3,0,0,0,0,0
6020100.01,0100.01,602,Winnipeg,B,46602,46,Manitoba,0,1,0,0,1,0,0,0,0,0,0
5350412.15,0412.15,535,Toronto,B,35535,35,Ontario,0,2,1,1,2,0,0,0,0,0,0
4620734.05,0734.05,462,Montréal,B,24462,24,Quebec / Québec,0,0,0,0,0,0,0,0,0,0,0
5350341.04,0341.04,535,Toronto,B,35535,35,Ontario,0,0,0,0,1,0,0,0,0,0,1
5390203.02,0203.02,539,St. Catharines - Niagara,B,35539,35,Ontario,0,0,0,0,1,0,1,0,1,0,0
4620073.00,0073.00,462,Montréal,B,24462,24,Quebec / Québec,0,1,0,0,2,0,4,0,0,0,0
9350111.01,0111.01,935,Victoria,B,59935,59,British Columbia / Colombie-Britannique,0,2,1,0,4,2,0,2,1,0,1
5350363.04,0363.04,535,Toronto,B,35535,35,Ontario,0,0,0,0,1,0,1,0,0,0,0
7050101.01,0101.01,705,Regina,B,47705,47,Saskatchewan,0,2,1,0,2,0,0,0,3,0,0
8050200.00,0200.00,805,Medicine Hat,K,48805,48,Alberta,0,0,0,0,0,1,0,0,3,0,0
6020051.01,0051.01,602,Winnipeg,B,46602,46,Manitoba,0,0,0,0,1,0,0,0,0,0,0
5350513.01,0513.01,535,Toronto,B,35535,35,Ontario,0,3,0,0,0,0,0,0,0,0,0
5220006.00,0006.00,522,Belleville,K,35522,35,Ontario,0,1,1,0,4,0,0,1,0,0,0
4620131.00,0131.00,462,Montréal,B,24462,24,Quebec / Québec,0,3,0,0,5,1,0,0,2,0,0
9330147.01,0147.01,933,Vancouver,B,59933,59,British Columbia / Colombie-Britannique,0,0,2,0,1,1,0,0,0,0,0
5350403.07,0403.07,535,Toronto,B,35535,35,Ontario,0,0,0,0,0,0,0,0,0,0,0
9330187.14,0187.14,933,Vancouver,B,59933,59,British Columbia / Colombie-Britannique,0,2,1,0,0,1,1,0,0,0,0
5350442.03,0442.03,535,Toronto,B,35535,35,Ontario,0,1,0,0,1,0,0,0,0,0,0
5350377.07,0377.07,535,Toronto,B,35535,35,Ontario,0,0,0,0,0,0,0,0,0,0,0
5550006.05,0006.05,555,London,B,35555,35,Ontario,0,0,0,0,1,0,0,0,0,0,0
9330203.00,0203.00,933,Vancouver,B,59933,59,British Columbia / Colombie-Britannique,0,1,0,0,2,1,0,1,0,0,0
4620781.00,0781.00,462,Montréal,B,24462,24,Quebec / Québec,5,8,10,3,26,6,2,2,3,0,0
4620637.01,0637.01,462,Montréal,B,24462,24,Quebec / Québec,0,4,0,0,1,0,0,0,0,0,0
7050026.00,0026.00,705,Regina,B,47705,47,Saskatchewan,0,0,1,0,2,0,0,2,0,0,0
8350075.11,0075.11,835,Edmonton,B,48835,48,Alberta,1,0,0,0,0,0,0,0,0,0,0
6020040.00,0040.00,602,Winnipeg,B,46602,46,Manitoba,0,1,0,0,0,0,0,2,0,0,0
5620010.00,0010.00,562,Sarnia,K,35562,35,Ontario,0,0,0,0,3,0,0,0,0,0,0
5210107.00,0107.00,521,Kingston,B,35521,35,Ontario,0,0,0,0,0,0,0,0,0,0,0
5350412.23,0412.23,535,Toronto,B,35535,35,Ontario,0,0,0,0,0,0,0,0,0,0,0
9330134.00,0134.00,933,Vancouver,B,59933,59,British Columbia / Colombie-Britannique,0,4,0,0,3,0,0,1,2,0,0
6020047.00,0047.00,602,Winnipeg,B,46602,46,Manitoba,0,0,0,0,1,0,0,0,0,0,0
8350051.02,0051.02,835,Edmonton,B,48835,48,Alberta,0,2,0,1,6,1,4,1,4,0,0
5350140.00,0140.00,535,Toronto,B,35535,35,Ontario,0,1,0,0,0,0,0,0,0,0,0
4590010.00,0010.00,459,Saint-Jean-sur-Richelieu,K,24459,24,Quebec / Québec,0,1,0,0,0,1,0,0,0,0,0
4620648.00,0648.00,462,Montréal,B,24462,24,Quebec / Québec,0,0,0,0,2,1,0,0,0,0,0
5350591.01,0591.01,535,Toronto,B,35535,35,Ontario,0,0,1,0,2,0,2,0,2,0,0
5350576.17,0576.17,535,Toronto,B,35535,35,Ontario,0,0,0,0,1,0,0,0,0,0,0
2050140.00,0140.00,205,Halifax,B,12205,12,Nova Scotia / Nouvelle-Écosse,0,0,0,0,1,0,1,0,0,0,0
9330403.05,0403.05,933,Vancouver,B,59933,59,British Columbia / Colombie-Britannique,0,2,1,0,0,0,0,0,0,0,0
9320005.01,0005.01,932,Abbotsford - Mission,B,59932,59,British Columbia / Colombie-Britannique,1,0,0,0,1,0,0,1,0,1,0
5320014.01,0014.01,532,Oshawa,B,35532,35,Ontario,0,0,0,0,0,0,0,0,0,0,0
5320009.04,0009.04,532,Oshawa,B,35532,35,Ontario,0,0,0,0,0,0,0,0,0,0,0
5350311.05,0311.05,535,Toronto,B,35535,35,Ontario,0,0,0,0,0,0,0,0,0,0,0
5350244.02,0244.02,535,Toronto,B,35535,35,Ontario,0,0,0,0,1,0,0,0,0,0,0
6020101.02,0101.02,602,Winnipeg,B,46602,46,Manitoba,0,1,0,0,0,0,1,1,0,0,0
3200007.00,0007.00,320,Fredericton,K,13320,13,New Brunswick / Nouveau-Brunswick,1,0,0,1,2,0,0,1,1,0,0
9330116.00,0116.00,933,Vancouver,B,59933,59,British Columbia / Colombie-Britannique,0,1,0,0,0,0,0,0,0,0,0
5050103.00,0103.00,505,Ottawa - Gatineau (Ontario part / partie de l'Ontario),B,35505,35,Ontario,0,0,2,0,3,0,0,0,0,0,0
6020102.02,0102.02,602,Winnipeg,B,46602,46,Manitoba,0,1,0,0,1,0,0,0,0,0,0
0010006.00,0006.00,001,St. John's,B,10001,10,Newfoundland and Labrador / Terre-Neuve-et-Labrador,2,7,1,5,18,18,2,1,6,1,0
4620515.04,0515.04,462,Montréal,B,24462,24,Quebec / Québec,0,0,0,0,0,0,0,0,0,0,0
5410013.00,0013.00,541,Kitchener - Cambridge - Waterloo,B,35541,35,Ontario,0,2,1,0,2,0,0,0,0,0,0
5350564.02,0564.02,535,Toronto,B,35535,35,Ontario,0,0,0,0,1,0,0,0,0,0,0
5350003.00,0003.00,535,Toronto,B,35535,35,Ontario,0,1,0,0,2,0,0,0,1,0,0
5390011.00,0011.00,539,St. Catharines - Niagara,B,35539,35,Ontario,0,3,3,0,1,0,2,3,2,0,0
5410123.01,0123.01,541,Kitchener - Cambridge - Waterloo,B,35541,35,Ontario,0,0,0,0,2,0,2,0,0,0,1
5350018.00,0018.00,535,Toronto,B,35535,35,Ontario,0,4,0,0,6,1,1,0,1,0,0
9330502.07,0502.07,933,Vancouver,B,59933,59,British Columbia / Colombie-Britannique,0,1,1,0,1,1,1,0,2,0,0
5950023.01,0023.01,595,Thunder Bay,B,35595,35,Ontario,0,0,0,0,2,0,0,0,2,0,0
5050810.01,0810.01,505,Ottawa - Gatineau (partie du Québec / Quebec part),B,24505,24,Quebec / Québec,0,0,1,0,7,2,0,0,0,0,0
5370026.03,0026.03,537,Hamilton,B,35537,35,Ontario,0,1,1,0,0,0,0,0,0,0,0
5370003.01,0003.01,537,Hamilton,B,35537,35,Ontario,0,0,0,0,0,0,0,1,0,0,0
5350442.04,0442.04,535,Toronto,B,35535,35,Ontario,0,6,0,0,0,0,0,0,0,0,0
5350576.09,0576.09,535,Toronto,B,35535,35,Ontario,0,1,0,0,0,1,1,0,0,0,0
7050005.00,0005.00,705,Regina,B,47705,47,Saskatchewan,0,2,0,0,1,0,0,0,0,0,0
5350613.04,0613.04,535,Toronto,B,35535,35,Ontario,2,1,0,0,2,1,1,0,1,0,0
4330009.02,0009.02,433,Sherbrooke,B,24433,24,Quebec / Québec,0,5,5,0,10,1,2,4,3,0,0
6020045.00,0045.00,602,Winnipeg,B,46602,46,Manitoba,0,1,0,0,5,0,0,0,0,0,1
9350130.01,0130.01,935,Victoria,B,59935,59,British Columbia / Colombie-Britannique,0,1,0,0,3,1,1,0,1,0,0
4620283.01,0283.01,462,Montréal,B,24462,24,Quebec / Québec,0,0,0,0,2,0,0,0,0,0,0
8350105.03,0105.03,835,Edmonton,B,48835,48,Alberta,0,0,0,0,0,0,0,0,1,0,0
5900005.00,0005.00,590,Sault Ste. Marie,K,35590,35,Ontario,2,0,0,1,4,0,0,0,2,0,0
5350411.24,0411.24,535,Toronto,B,35535,35,Ontario,0,0,0,0,0,0,0,0,0,0,0
5350527.06,0527.06,535,Toronto,B,35535,35,Ontario,0,0,1,0,0,0,0,0,0,0,0
9330028.00,0028.00,933,Vancouver,B,59933,59,British Columbia / Colombie-Britannique,0,1,0,0,1,0,0,0,2,0,0
5370055.00,0055.00,537,Hamilton,B,35537,35,Ontario,0,0,0,1,2,0,1,0,0,0,0
5350030.00,0030.00,535,Toronto,B,35535,35,Ontario,0,1,0,0,10,1,1,0,0,0,0
5210200.00,0200.00,521,Kingston,B,35521,35,Ontario,0,0,0,0,0,0,0,0,0,0,0
5350317.02,0317.02,535,Toronto,B,35535,35,Ontario,0,0,0,0,2,0,0,0,0,0,0
4330400.01,0400.01,433,Sherbrooke,B,24433,24,Quebec / Québec,0,1,1,0,4,0,0,0,8,0,0
5350279.02,0279.02,535,Toronto,B,35535,35,Ontario,0,0,0,0,7,0,0,0,0,0,0
4620416.02,0416.02,462,Montréal,B,24462,24,Quebec / Québec,0,2,0,0,0,0,0,0,0,0,0
5350576.06,0576.06,535,Toronto,B,35535,35,Ontario,0,0,0,0,1,0,0,0,0,0,0
5350029.00,0029.00,535,Toronto,B,35535,35,Ontario,0,6,1,0,7,3,0,1,3,0,0
5350312.03,0312.03,535,Toronto,B,35535,35,Ontario,3,0,0,0,6,1,0,5,0,0,0
9320009.01,0009.01,932,Abbotsford - Mission,B,59932,59,British Columbia / Colombie-Britannique,0,0,0,0,0,0,0,0,0,0,0
2050100.00,0100.00,205,Halifax,B,12205,12,Nova Scotia / Nouvelle-Écosse,3,1,0,0,5,2,0,0,0,0,0
3050016.02,0016.02,305,Moncton,B,13305,13,New Brunswick / Nouveau-Brunswick,0,0,0,0,2,2,0,0,7,0,0
3100120.03,0120.03,310,Saint John,B,13310,13,New Brunswick / Nouveau-Brunswick,0,0,1,0,1,0,0,0,0,0,0
8250072.00,0072.00,825,Calgary,B,48825,48,Alberta,0,3,1,2,11,0,1,1,0,0,0
5350442.06,0442.06,535,Toronto,B,35535,35,Ontario,0,0,0,0,0,1,0,0,0,0,0
5350304.02,0304.02,535,Toronto,B,35535,35,Ontario,3,1,0,0,0,0,0,0,0,0,0
6020113.00,0113.00,602,Winnipeg,B,46602,46,Manitoba,0,0,0,0,3,0,0,0,1,0,0
4080100.00,0100.00,408,Saguenay,B,24408,24,Quebec / Québec,0,0,0,0,3,1,1,0,1,0,0
5370211.00,0211.00,537,Hamilton,B,35537,35,Ontario,0,2,0,0,3,0,0,3,3,0,0
0010170.02,0170.02,001,St. John's,B,10001,10,Newfoundland and Labrador / Terre-Neuve-et-Labrador,0,0,0,0,2,0,1,0,0,0,0
4620036.00,0036.00,462,Montréal,B,24462,24,Quebec / Québec,0,0,0,0,5,1,1,0,0,0,0
5590019.05,0019.05,559,Windsor,B,35559,35,Ontario,0,0,0,0,0,0,0,0,0,0,0
4620237.00,0237.00,462,Montréal,B,24462,24,Quebec / Québec,0,2,0,0,5,1,1,0,0,0,0
8100100.01,0100.01,810,Lethbridge,K,48810,48,Alberta,0,0,0,0,0,0,0,0,0,0,0
8250074.00,0074.00,825,Calgary,B,48825,48,Alberta,0,1,0,0,1,0,1,0,0,0,0
5050170.04,0170.04,505,Ottawa - Gatineau (Ontario part / partie de l'Ontario),B,35505,35,Ontario,0,0,0,0,0,0,0,1,0,0,0
9300006.00,0006.00,930,Chilliwack,K,59930,59,British Columbia / Colombie-Britannique,0,0,0,0,2,2,1,0,0,0,0
5350800.02,0800.02,535,Toronto,B,35535,35,Ontario,0,3,3,0,3,0,0,0,0,0,0
9330504.13,0504.13,933,Vancouver,B,59933,59,British Columbia / Colombie-Britannique,0,3,2,0,2,0,0,0,1,0,0
8250005.00,0005.00,825,Calgary,B,48825,48,Alberta,4,9,2,0,6,1,3,2,4,0,0
5350362.02,0362.02,535,Toronto,B,35535,35,Ontario,0,1,0,0,0,0,0,1,0,0,0
4210900.00,0900.00,421,Québec,B,24421,24,Quebec / Québec,0,2,2,1,1,1,0,0,1,0,0
5370003.03,0003.03,537,Hamilton,B,35537,35,Ontario,0,0,0,0,0,0,0,0,0,0,0
9330504.07,0504.07,933,Vancouver,B,59933,59,British Columbia / Colombie-Britannique,0,1,0,0,2,0,1,0,0,0,0
3200018.00,0018.00,320,Fredericton,K,13320,13,New Brunswick / Nouveau-Brunswick,0,0,0,0,2,0,0,0,0,0,0
5500001.06,0001.06,550,Guelph,B,35550,35,Ontario,0,0,3,0,3,1,2,0,2,0,0
4620117.00,0117.00,462,Montréal,B,24462,24,Quebec / Québec,1,1,2,0,2,0,0,2,0,0,0
2050121.07,0121.07,205,Halifax,B,12205,12,Nova Scotia / Nouvelle-Écosse,0,1,0,0,4,0,0,0,0,0,0
5350576.35,0576.35,535,Toronto,B,35535,35,Ontario,0,0,0,0,1,0,1,0,0,0,0
5680004.04,0004.04,568,Barrie,B,35568,35,Ontario,0,0,1,0,1,0,0,0,0,0,0
5800001.02,0001.02,580,Greater Sudbury / Grand Sudbury,B,35580,35,Ontario,0,1,1,0,5,1,0,2,3,0,1
8350059.00,0059.00,835,Edmonton,B,48835,48,Alberta,1,0,1,0,2,2,2,0,3,0,0
9330221.01,0221.01,933,Vancouver,B,59933,59,British Columbia / Colombie-Britannique,0,3,0,0,2,0,0,0,0,0,0
4330300.01,0300.01,433,Sherbrooke,B,24433,24,Quebec / Québec,0,1,2,0,1,2,0,0,1,0,0
5050133.00,0133.00,505,Ottawa - Gatineau (Ontario part / partie de l'Ontario),B,35505,35,Ontario,0,4,0,0,3,0,1,0,0,0,0
8350151.02,0151.02,835,Edmonton,B,48835,48,Alberta,1,3,0,0,0,0,1,0,0,0,0
4620584.00,0584.00,462,Montréal,B,24462,24,Quebec / Québec,1,2,2,0,2,3,1,0,1,0,0
4620286.00,0286.00,462,Montréal,B,24462,24,Quebec / Québec,0,0,0,0,2,0,0,0,0,0,0
5900004.00,0004.00,590,Sault Ste. Marie,K,35590,35,Ontario,0,1,0,0,5,0,0,0,2,0,0
5350576.33,0576.33,535,Toronto,B,35535,35,Ontario,0,1,0,0,0,0,0,0,0,0,0
4620637.02,0637.02,462,Montréal,B,24462,24,Quebec / Québec,0,4,1,0,3,0,0,3,1,0,0
5370222.03,0222.03,537,Hamilton,B,35537,35,Ontario,0,0,0,0,0,0,0,0,0,0,0
5050007.02,0007.02,505,Ottawa - Gatineau (Ontario part / partie de l'Ontario),B,35505,35,Ontario,0,0,0,1,0,0,0,0,0,0,0
5370032.00,0032.00,537,Hamilton,B,35537,35,Ontario,1,3,1,1,2,0,0,0,0,0,0
5350820.01,0820.01,535,Toronto,B,35535,35,Ontario,0,0,0,0,0,0,0,0,0,0,0
5370086.00,0086.00,537,Hamilton,B,35537,35,Ontario,0,0,0,0,1,0,0,0,0,0,0
4620462.01,0462.01,462,Montréal,B,24462,24,Quebec / Québec,0,1,0,0,0,0,0,0,0,0,0
4420011.00,0011.00,442,Trois-Rivières,B,24442,24,Quebec / Québec,0,1,0,0,0,0,0,0,0,0,0
5050610.02,0610.02,505,Ottawa - Gatineau (partie du Québec / Quebec part),B,24505,24,Quebec / Québec,0,1,0,0,5,0,0,0,1,0,0
8250200.02,0200.02,825,Calgary,B,48825,48,Alberta,0,1,0,0,0,0,0,0,0,0,0
9330100.01,0100.01,933,Vancouver,B,59933,59,British Columbia / Colombie-Britannique,1,0,0,0,1,0,0,0,1,1,0
4500012.00,0012.00,450,Granby,K,24450,24,Quebec / Québec,0,0,0,0,4,0,0,0,1,0,0
8250022.00,0022.00,825,Calgary,B,48825,48,Alberta,4,3,4,0,9,0,2,0,0,0,0
5350500.02,0500.02,535,Toronto,B,35535,35,Ontario,0,2,1,1,5,0,1,1,3,0,0
5350412.14,0412.14,535,Toronto,B,35535,35,Ontario,0,0,0,0,0,0,0,0,0,0,0
0010003.02,0003.02,001,St. John's,B,10001,10,Newfoundland and Labrador / Terre-Neuve-et-Labrador,1,2,0,0,1,1,1,0,0,0,0
7250104.00,0104.00,725,Saskatoon,B,47725,47,Saskatchewan,0,0,0,0,0,0,0,0,1,0,0
9330142.02,0142.02,933,Vancouver,B,59933,59,British Columbia / Colombie-Britannique,0,0,0,0,1,0,0,0,0,0,0
6020595.01,0595.01,602,Winnipeg,B,46602,46,Manitoba,0,1,0,0,1,0,1,0,2,0,0
3050001.00,0001.00,305,Moncton,B,13305,13,New Brunswick / Nouveau-Brunswick,1,31,1,1,10,10,0,1,8,1,0
8350163.05,0163.05,835,Edmonton,B,48835,48,Alberta,2,1,0,0,3,1,4,0,5,0,0
8250052.02,0052.02,825,Calgary,B,48825,48,Alberta,0,0,0,0,3,1,1,0,0,0,0
4620881.02,0881.02,462,Montréal,B,24462,24,Quebec / Québec,0,0,0,1,6,1,0,0,0,0,0
5350366.00,0366.00,535,Toronto,B,35535,35,Ontario,0,0,0,0,1,1,0,0,0,0,2
8350120.01,0120.01,835,Edmonton,B,48835,48,Alberta,6,8,1,1,8,2,2,3,3,0,1
9300010.00,0010.00,930,Chilliwack,K,59930,59,British Columbia / Colombie-Britannique,0,0,1,0,0,1,0,0,0,0,0
8250038.07,0038.07,825,Calgary,B,48825,48,Alberta,0,0,0,0,1,0,1,0,0,0,0
9330282.02,0282.02,933,Vancouver,B,59933,59,British Columbia / Colombie-Britannique,0,1,1,0,2,0,1,0,1,0,2
4620034.00,0034.00,462,Montréal,B,24462,24,Quebec / Québec,0,1,0,0,1,1,0,0,1,0,0
5050127.00,0127.00,505,Ottawa - Gatineau (Ontario part / partie de l'Ontario),B,35505,35,Ontario,0,0,0,0,0,1,1,0,2,0,0
9250002.00,0002.00,925,Kamloops,K,59925,59,British Columbia / Colombie-Britannique,0,0,0,0,1,2,1,0,1,0,0
5410001.01,0001.01,541,Kitchener - Cambridge - Waterloo,B,35541,35,Ontario,0,1,2,0,2,0,1,2,1,0,0
5350363.05,0363.05,535,Toronto,B,35535,35,Ontario,0,0,0,0,1,0,0,0,0,0,0
9300016.00,0016.00,930,Chilliwack,K,59930,59,British Columbia / Colombie-Britannique,0,0,0,0,0,0,0,0,0,0,0
4620450.00,0450.00,462,Montréal,B,24462,24,Quebec / Québec,2,0,2,0,5,2,0,0,2,0,0
4620258.00,0258.00,462,Montréal,B,24462,24,Quebec / Québec,0,1,0,1,1,0,0,0,0,0,0
8350005.08,0005.08,835,Edmonton,B,48835,48,Alberta,0,0,0,0,1,0,0,0,0,0,0
5390018.02,0018.02,539,St. Catharines - Niagara,B,35539,35,Ontario,0,0,3,0,1,2,0,0,2,0,1
5050160.03,0160.03,505,Ottawa - Gatineau (Ontario part / partie de l'Ontario),B,35505,35,Ontario,1,1,2,0,2,1,1,0,1,0,0
8250050.14,0050.14,825,Calgary,B,48825,48,Alberta,0,0,0,0,0,0,1,0,0,0,0
5680004.03,0004.03,568,Barrie,B,35568,35,Ontario,0,0,0,0,1,1,0,0,0,0,0
4210023.00,0023.00,421,Québec,B,24421,24,Quebec / Québec,0,1,0,0,2,0,0,0,0,0,0
5050125.05,0125.05,505,Ottawa - Gatineau (Ontario part / partie de l'Ontario),B,35505,35,Ontario,0,3,3,0,1,0,0,0,0,0,0
9330027.01,0027.01,933,Vancouver,B,59933,59,British Columbia / Colombie-Britannique,0,0,1,0,0,0,0,0,0,0,0
6020141.02,0141.02,602,Winnipeg,B,46602,46,Manitoba,0,4,0,0,1,0,0,0,0,0,0
8350014.00,0014.00,835,Edmonton,B,48835,48,Alberta,1,3,3,1,3,0,2,4,0,0,0
5320007.00,0007.00,532,Oshawa,B,35532,35,Ontario,0,0,1,0,0,0,0,1,0,0,0
5050056.00,0056.00,505,Ottawa - Gatineau (Ontario part / partie de l'Ontario),B,35505,35,Ontario,0,3,0,0,6,0,0,0,1,0,0
4620675.00,0675.00,462,Montréal,B,24462,24,Quebec / Québec,0,4,0,1,3,0,0,1,0,0,0
9330149.05,0149.05,933,Vancouver,B,59933,59,British Columbia / Colombie-Britannique,0,1,0,0,1,1,0,0,0,0,0
4620282.00,0282.00,462,Montréal,B,24462,24,Quebec / Québec,2,4,0,1,1,0,0,0,0,0,0
8350075.02,0075.02,835,Edmonton,B,48835,48,Alberta,0,0,0,0,0,1,1,0,0,0,0
9350111.02,0111.02,935,Victoria,B,59935,59,British Columbia / Colombie-Britannique,0,0,1,0,1,1,0,0,2,0,0
4620880.00,0880.00,462,Montréal,B,24462,24,Quebec / Québec,0,2,0,2,5,0,0,0,0,0,0
5350171.00,0171.00,535,Toronto,B,35535,35,Ontario,2,0,0,0,3,0,0,1,0,1,0
4620658.02,0658.02,462,Montréal,B,24462,24,Quebec / Québec,0,0,0,0,2,0,0,0,0,0,0
4210846.02,0846.02,421,Québec,B,24421,24,Quebec / Québec,0,2,0,0,1,0,0,0,1,0,0
5050141.08,0141.08,505,Ottawa - Gatineau (Ontario part / partie de l'Ontario),B,35505,35,Ontario,0,1,0,0,1,0,0,0,1,0,0
4210320.03,0320.03,421,Québec,B,24421,24,Quebec / Québec,0,1,1,0,0,0,0,0,0,0,0
4080003.01,0003.01,408,Saguenay,B,24408,24,Quebec / Québec,0,1,1,0,2,0,0,1,0,0,0
8350065.03,0065.03,835,Edmonton,B,48835,48,Alberta,0,1,0,0,6,1,1,0,0,0,0
5590037.00,0037.00,559,Windsor,B,35559,35,Ontario,0,0,0,1,4,1,2,0,2,0,0
4620264.01,0264.01,462,Montréal,B,24462,24,Quebec / Québec,0,1,2,2,2,0,0,0,0,0,0
8250203.00,0203.00,825,Calgary,B,48825,48,Alberta,1,1,0,0,3,1,1,0,2,0,0
9350124.00,0124.00,935,Victoria,B,59935,59,British Columbia / Colombie-Britannique,0,0,0,1,3,0,0,0,0,0,0
9150013.00,0013.00,915,Kelowna,B,59915,59,British Columbia / Colombie-Britannique,0,0,0,0,1,0,0,0,0,0,0
4620383.01,0383.01,462,Montréal,B,24462,24,Quebec / Québec,1,0,3,0,2,0,0,0,0,0,0
4620197.00,0197.00,462,Montréal,B,24462,24,Quebec / Québec,2,1,1,1,1,2,0,0,0,0,0
4210290.01,0290.01,421,Québec,B,24421,24,Quebec / Québec,0,0,0,0,2,0,0,0,0,0,0
9330186.08,0186.08,933,Vancouver,B,59933,59,British Columbia / Colombie-Britannique,0,0,0,0,0,0,1,0,0,0,0
4620059.00,0059.00,462,Montréal,B,24462,24,Quebec / Québec,1,2,1,0,8,8,1,0,12,0,0
4620807.01,0807.01,462,Montréal,B,24462,24,Quebec / Québec,0,1,1,0,2,3,1,0,0,0,0
8250205.03,0205.03,825,Calgary,B,48825,48,Alberta,4,5,1,1,10,2,5,3,3,0,1
5350502.02,0502.02,535,Toronto,B,35535,35,Ontario,0,0,0,0,0,0,0,0,0,0,0
5350068.00,0068.00,535,Toronto,B,35535,35,Ontario,0,0,0,0,4,2,1,0,0,0,1
5050904.00,0904.00,505,Ottawa - Gatineau (partie du Québec / Quebec part),B,24505,24,Quebec / Québec,0,0,0,0,0,0,0,0,1,0,0
5370222.02,0222.02,537,Hamilton,B,35537,35,Ontario,0,0,0,0,0,0,2,0,0,0,0
5350357.01,0357.01,535,Toronto,B,35535,35,Ontario,0,0,0,0,1,0,0,1,0,0,0
4620511.01,0511.01,462,Montréal,B,24462,24,Quebec / Québec,0,1,1,0,1,1,0,0,0,0,0
5350119.00,0119.00,535,Toronto,B,35535,35,Ontario,0,5,1,0,0,0,0,0,0,0,0
5410002.10,0002.10,541,Kitchener - Cambridge - Waterloo,B,35541,35,Ontario,0,1,0,0,0,0,0,0,0,0,0
5350106.00,0106.00,535,Toronto,B,35535,35,Ontario,0,0,0,0,3,1,0,0,0,0,1
5350410.13,0410.13,535,Toronto,B,35535,35,Ontario,0,0,1,0,2,0,0,0,1,0,0
5050131.01,0131.01,505,Ottawa - Gatineau (Ontario part / partie de l'Ontario),B,35505,35,Ontario,0,0,0,0,2,0,1,0,0,0,0
5350024.00,0024.00,535,Toronto,B,35535,35,Ontario,2,1,1,0,2,0,0,0,1,0,0
5620007.00,0007.00,562,Sarnia,K,35562,35,Ontario,0,12,3,2,17,5,3,0,4,0,0
5590003.02,0003.02,559,Windsor,B,35559,35,Ontario,1,3,1,0,6,0,0,0,5,0,0
5350365.00,0365.00,535,Toronto,B,35535,35,Ontario,0,1,1,0,1,0,0,1,0,0,0
4210037.00,0037.00,421,Québec,B,24421,24,Quebec / Québec,1,2,5,0,5,0,0,0,1,2,0
4210027.00,0027.00,421,Québec,B,24421,24,Quebec / Québec,0,0,0,0,6,2,0,0,0,0,0
4420205.01,0205.01,442,Trois-Rivières,B,24442,24,Quebec / Québec,0,0,0,0,0,0,1,1,0,0,0
9330400.02,0400.02,933,Vancouver,B,59933,59,British Columbia / Colombie-Britannique,0,1,0,0,1,1,0,0,0,0,0
5410131.01,0131.01,541,Kitchener - Cambridge - Waterloo,B,35541,35,Ontario,2,2,0,2,5,2,3,0,4,0,0
4620521.05,0521.05,462,Montréal,B,24462,24,Quebec / Québec,0,1,0,0,0,0,0,0,0,0,0
5350810.01,0810.01,535,Toronto,B,35535,35,Ontario,0,0,0,0,2,0,0,0,0,0,0
4210028.00,0028.00,421,Québec,B,24421,24,Quebec / Québec,0,0,0,0,1,0,0,0,0,0,0
9150019.01,0019.01,915,Kelowna,B,59915,59,British Columbia / Colombie-Britannique,0,2,2,0,0,1,1,0,2,0,0
8250001.25,0001.25,825,Calgary,B,48825,48,Alberta,1,0,1,0,0,1,2,0,0,0,0
4620652.01,0652.01,462,Montréal,B,24462,24,Quebec / Québec,0,0,1,0,0,0,0,0,0,0,0
4620279.00,0279.00,462,Montréal,B,24462,24,Quebec / Québec,0,3,2,1,6,3,1,1,0,0,0
5390102.02,0102.02,539,St. Catharines - Niagara,B,35539,35,Ontario,0,0,1,0,5,1,0,0,3,0,0
5620003.00,0003.00,562,Sarnia,K,35562,35,Ontario,1,0,1,0,5,2,0,0,0,0,1
4620580.01,0580.01,462,Montréal,B,24462,24,Quebec / Québec,1,1,3,0,1,0,0,0,0,0,0
9700005.00,0005.00,970,Prince George,K,59970,59,British Columbia / Colombie-Britannique,0,0,2,0,1,1,1,0,0,0,0
4620688.03,0688.03,462,Montréal,B,24462,24,Quebec / Québec,0,1,0,0,3,0,1,0,0,0,0
5350353.04,0353.04,535,Toronto,B,35535,35,Ontario,0,1,1,0,1,0,0,0,0,0,0
5750101.00,0101.00,575,North Bay,K,35575,35,Ontario,0,0,0,0,0,0,1,0,5,0,0
8250049.02,0049.02,825,Calgary,B,48825,48,Alberta,0,2,1,0,4,0,0,0,0,0,0
3200015.00,0015.00,320,Fredericton,K,13320,13,New Brunswick / Nouveau-Brunswick,0,1,0,0,0,0,0,1,3,0,0
4620593.02,0593.02,462,Montréal,B,24462,24,Quebec / Québec,0,0,0,0,1,0,0,0,0,0,0
5590140.00,0140.00,559,Windsor,B,35559,35,Ontario,0,0,0,0,2,0,0,0,1,0,0
9330225.01,0225.01,933,Vancouver,B,59933,59,British Columbia / Colombie-Britannique,0,0,0,0,0,0,0,1,0,0,0
5350377.04,0377.04,535,Toronto,B,35535,35,Ontario,0,0,0,0,2,0,0,0,0,0,0
9330143.01,0143.01,933,Vancouver,B,59933,59,British Columbia / Colombie-Britannique,0,0,0,0,0,1,0,0,0,0,0
9330260.09,0260.09,933,Vancouver,B,59933,59,British Columbia / Colombie-Britannique,0,4,0,0,8,1,2,1,1,0,1
9300028.00,0028.00,930,Chilliwack,K,59930,59,British Columbia / Colombie-Britannique,0,0,0,0,2,2,2,0,5,0,0
5370212.00,0212.00,537,Hamilton,B,35537,35,Ontario,0,0,0,0,1,0,0,0,0,0,0
9330143.02,0143.02,933,Vancouver,B,59933,59,British Columbia / Colombie-Britannique,0,0,1,0,1,1,1,0,1,0,0
5350410.02,0410.02,535,Toronto,B,35535,35,Ontario,0,0,0,0,0,0,2,0,0,0,0
5370130.02,0130.02,537,Hamilton,B,35537,35,Ontario,0,1,0,0,0,0,1,0,0,0,0
3100026.00,0026.00,310,Saint John,B,13310,13,New Brunswick / Nouveau-Brunswick,1,0,0,0,1,1,0,0,3,0,0
9330184.06,0184.06,933,Vancouver,B,59933,59,British Columbia / Colombie-Britannique,0,0,0,0,1,0,0,0,0,0,0
5050021.00,0021.00,505,Ottawa - Gatineau (Ontario part / partie de l'Ontario),B,35505,35,Ontario,0,0,1,0,3,0,0,0,1,0,0
5050711.00,0711.00,505,Ottawa - Gatineau (partie du Québec / Quebec part),B,24505,24,Quebec / Québec,0,0,1,1,3,1,1,0,0,0,0
5410022.00,0022.00,541,Kitchener - Cambridge - Waterloo,B,35541,35,Ontario,0,0,0,0,6,0,1,3,0,0,0
5320002.01,0002.01,532,Oshawa,B,35532,35,Ontario,0,0,1,0,2,0,1,0,0,0,0
5390241.00,0241.00,539,St. Catharines - Niagara,B,35539,35,Ontario,0,0,0,0,2,0,0,0,1,0,0
5050053.00,0053.00,505,Ottawa - Gatineau (Ontario part / partie de l'Ontario),B,35505,35,Ontario,0,2,1,0,5,1,1,0,7,0,0
4620396.00,0396.00,462,Montréal,B,24462,24,Quebec / Québec,0,2,2,0,1,0,0,0,0,0,0
5350509.02,0509.02,535,Toronto,B,35535,35,Ontario,0,1,0,0,1,0,0,0,0,0,0
4620758.04,0758.04,462,Montréal,B,24462,24,Quebec / Québec,0,0,0,0,0,0,0,0,0,0,0
7050102.00,0102.00,705,Regina,B,47705,47,Saskatchewan,0,1,0,0,1,0,1,0,5,0,0
5590034.00,0034.00,559,Windsor,B,35559,35,Ontario,0,1,0,0,1,2,0,0,0,0,0
4620325.01,0325.01,462,Montréal,B,24462,24,Quebec / Québec,0,0,0,0,0,1,0,0,0,0,0
4620886.03,0886.03,462,Montréal,B,24462,24,Quebec / Québec,0,1,2,0,1,2,0,0,1,0,0
9330111.03,0111.03,933,Vancouver,B,59933,59,British Columbia / Colombie-Britannique,0,1,0,0,7,2,2,1,2,0,0
4620007.00,0007.00,462,Montréal,B,24462,24,Quebec / Québec,0,1,1,0,5,1,0,0,0,0,0
5350123.00,0123.00,535,Toronto,B,35535,35,Ontario,0,1,1,0,0,0,0,0,0,0,0
5350612.10,0612.10,535,Toronto,B,35535,35,Ontario,0,4,1,0,0,1,1,1,1,0,0
5390100.00,0100.00,539,St. Catharines - Niagara,B,35539,35,Ontario,2,4,1,0,4,2,2,0,5,0,0
5390203.01,0203.01,539,St. Catharines - Niagara,B,35539,35,Ontario,0,0,0,0,1,1,0,1,7,0,0
8350104.25,0104.25,835,Edmonton,B,48835,48,Alberta,1,0,0,0,0,0,0,1,0,0,0
4210320.01,0320.01,421,Québec,B,24421,24,Quebec / Québec,0,0,6,1,4,1,1,1,12,2,0
5350136.01,0136.01,535,Toronto,B,35535,35,Ontario,0,2,0,0,1,0,0,0,0,0,0
4620274.00,0274.00,462,Montréal,B,24462,24,Quebec / Québec,0,0,0,0,3,1,0,0,0,0,0
5050811.02,0811.02,505,Ottawa - Gatineau (partie du Québec / Quebec part),B,24505,24,Quebec / Québec,0,3,4,0,2,0,1,0,0,0,0
8350104.26,0104.26,835,Edmonton,B,48835,48,Alberta,2,1,1,1,2,0,2,0,0,0,0
9330187.06,0187.06,933,Vancouver,B,59933,59,British Columbia / Colombie-Britannique,0,1,0,0,0,0,0,0,0,0,0
5430006.00,0006.00,543,Brantford,B,35543,35,Ontario,0,21,2,1,16,4,2,0,2,0,0
4210119.02,0119.02,421,Québec,B,24421,24,Quebec / Québec,0,0,0,0,1,1,0,0,4,0,0
4620195.03,0195.03,462,Montréal,B,24462,24,Quebec / Québec,0,3,0,0,1,0,1,1,0,1,0
5350622.00,0622.00,535,Toronto,B,35535,35,Ontario,0,3,0,0,2,0,0,2,0,0,0
3050005.00,0005.00,305,Moncton,B,13305,13,New Brunswick / Nouveau-Brunswick,0,0,0,0,6,0,0,0,0,0,0
8250045.00,0045.00,825,Calgary,B,48825,48,Alberta,2,12,2,0,11,5,5,2,4,0,0
6020021.00,0021.00,602,Winnipeg,B,46602,46,Manitoba,0,0,0,1,8,0,1,2,0,0,0
4620730.02,0730.02,462,Montréal,B,24462,24,Quebec / Québec,0,0,1,0,0,1,0,0,0,0,0
4620750.01,0750.01,462,Montréal,B,24462,24,Quebec / Québec,0,0,0,0,1,0,0,0,1,0,0
4210280.02,0280.02,421,Québec,B,24421,24,Quebec / Québec,0,0,0,0,2,0,0,0,0,0,0
4620825.05,0825.05,462,Montréal,B,24462,24,Quebec / Québec,0,4,0,0,1,0,1,0,1,0,0
2050102.00,0102.00,205,Halifax,B,12205,12,Nova Scotia / Nouvelle-Écosse,0,10,0,3,13,2,1,4,4,0,0
9330101.04,0101.04,933,Vancouver,B,59933,59,British Columbia / Colombie-Britannique,0,11,2,0,7,0,0,0,1,0,0
4620515.01,0515.01,462,Montréal,B,24462,24,Quebec / Québec,0,1,0,0,0,0,0,0,1,0,0
4620220.00,0220.00,462,Montréal,B,24462,24,Quebec / Québec,0,5,0,0,9,4,1,1,0,0,0
5500001.08,0001.08,550,Guelph,B,35550,35,Ontario,0,1,0,0,0,0,0,0,1,0,0
4210210.02,0210.02,421,Québec,B,24421,24,Quebec / Québec,0,0,0,1,3,0,0,0,0,0,0
5350401.17,0401.17,535,Toronto,B,35535,35,Ontario,0,2,1,0,0,0,0,0,0,0,0
5350376.08,0376.08,535,Toronto,B,35535,35,Ontario,2,0,0,0,1,0,0,0,0,0,0
5550051.00,0051.00,555,London,B,35555,35,Ontario,2,1,1,0,0,0,0,0,1,0,0
4420009.00,0009.00,442,Trois-Rivières,B,24442,24,Quebec / Québec,0,0,2,0,4,0,2,0,0,0,0
4420304.00,0304.00,442,Trois-Rivières,B,24442,24,Quebec / Québec,0,0,2,0,0,0,0,0,1,0,0
5350169.02,0169.02,535,Toronto,B,35535,35,Ontario,0,1,0,0,0,0,0,0,0,0,0
8250059.00,0059.00,825,Calgary,B,48825,48,Alberta,3,8,0,0,7,3,2,3,1,0,1
5550017.00,0017.00,555,London,B,35555,35,Ontario,0,4,3,0,0,0,0,0,0,0,0
5350250.05,0250.05,535,Toronto,B,35535,35,Ontario,1,0,0,0,2,0,0,0,0,0,0
5050601.03,0601.03,505,Ottawa - Gatineau (partie du Québec / Quebec part),B,24505,24,Quebec / Québec,0,0,0,0,1,1,0,0,0,0,0
5500010.02,0010.02,550,Guelph,B,35550,35,Ontario,0,1,0,0,4,0,2,4,1,0,1
5350193.00,0193.00,535,Toronto,B,35535,35,Ontario,0,0,0,0,0,0,0,0,0,0,0
8350054.00,0054.00,835,Edmonton,B,48835,48,Alberta,10,4,1,0,17,1,3,5,7,0,1
6020542.00,0542.00,602,Winnipeg,B,46602,46,Manitoba,0,0,0,0,2,0,0,0,2,0,0
5350402.08,0402.08,535,Toronto,B,35535,35,Ontario,0,3,0,0,1,0,0,0,0,0,0
9320207.00,0207.00,932,Abbotsford - Mission,B,59932,59,British Columbia / Colombie-Britannique,0,0,0,0,0,0,0,0,0,0,0
9150003.02,0003.02,915,Kelowna,B,59915,59,British Columbia / Colombie-Britannique,0,0,0,0,0,0,0,0,0,0,0
5050005.00,0005.00,505,Ottawa - Gatineau (Ontario part / partie de l'Ontario),B,35505,35,Ontario,0,4,0,0,11,0,0,3,0,0,0
4620060.00,0060.00,462,Montréal,B,24462,24,Quebec / Québec,0,0,0,0,2,0,0,0,0,0,0
5350411.15,0411.15,535,Toronto,B,35535,35,Ontario,0,1,0,0,1,1,0,0,0,0,0
5350635.00,0635.00,535,Toronto,B,35535,35,Ontario,1,4,0,1,8,0,1,1,3,0,0
3050004.00,0004.00,305,Moncton,B,13305,13,New Brunswick / Nouveau-Brunswick,0,0,0,0,6,3,0,0,1,0,0
5370080.03,0080.03,537,Hamilton,B,35537,35,Ontario,0,0,0,0,1,0,0,0,0,0,0
8250038.06,0038.06,825,Calgary,B,48825,48,Alberta,1,0,0,0,2,1,1,0,0,0,0
5350587.02,0587.02,535,Toronto,B,35535,35,Ontario,0,2,0,0,1,0,1,0,2,0,0
4620676.02,0676.02,462,Montréal,B,24462,24,Quebec / Québec,0,0,0,0,0,0,0,0,0,0,0
4620050.00,0050.00,462,Montréal,B,24462,24,Quebec / Québec,0,0,1,0,1,1,0,0,0,0,0
8350040.00,0040.00,835,Edmonton,B,48835,48,Alberta,1,0,1,1,4,0,0,0,0,0,0
5350324.06,0324.06,535,Toronto,B,35535,35,Ontario,0,0,0,0,1,0,0,0,0,0,0
5590002.01,0002.01,559,Windsor,B,35559,35,Ontario,0,0,0,1,0,0,1,0,3,0,0
5050171.08,0171.08,505,Ottawa - Gatineau (Ontario part / partie de l'Ontario),B,35505,35,Ontario,0,0,0,0,0,0,2,1,0,0,0
4620871.01,0871.01,462,Montréal,B,24462,24,Quebec / Québec,1,0,0,0,1,0,0,0,0,0,0
9330060.02,0060.02,933,Vancouver,B,59933,59,British Columbia / Colombie-Britannique,0,4,0,0,3,3,0,1,3,0,1
5350098.00,0098.00,535,Toronto,B,35535,35,Ontario,0,1,0,0,3,2,0,1,0,0,0
6020134.00,0134.00,602,Winnipeg,B,46602,46,Manitoba,0,0,0,1,1,1,1,0,2,0,0
5050123.02,0123.02,505,Ottawa - Gatineau (Ontario part / partie de l'Ontario),B,35505,35,Ontario,0,0,0,0,0,0,0,0,1,0,0
6020520.05,0520.05,602,Winnipeg,B,46602,46,Manitoba,0,0,0,1,0,0,0,0,0,0,0
5350102.02,0102.02,535,Toronto,B,35535,35,Ontario,0,0,1,0,2,0,0,0,0,0,0
4210540.00,0540.00,421,Québec,B,24421,24,Quebec / Québec,0,1,4,0,2,1,0,0,15,0,0
9150007.00,0007.00,915,Kelowna,B,59915,59,British Columbia / Colombie-Britannique,0,2,1,0,4,1,3,1,5,0,1
5550204.02,0204.02,555,London,B,35555,35,Ontario,0,0,1,0,3,0,0,0,1,0,0
5550029.00,0029.00,555,London,B,35555,35,Ontario,0,0,0,0,0,0,1,1,6,0,0
8350019.01,0019.01,835,Edmonton,B,48835,48,Alberta,0,0,0,0,0,0,0,0,0,0,0
9330402.02,0402.02,933,Vancouver,B,59933,59,British Columbia / Colombie-Britannique,0,0,3,0,2,0,0,0,0,0,0
0010015.01,0015.01,001,St. John's,B,10001,10,Newfoundland and Labrador / Terre-Neuve-et-Labrador,1,1,0,0,8,1,0,0,0,0,0
4620290.09,0290.09,462,Montréal,B,24462,24,Quebec / Québec,0,2,0,0,1,0,0,0,0,0,0
9250110.00,0110.00,925,Kamloops,K,59925,59,British Columbia / Colombie-Britannique,1,0,0,0,0,3,0,0,1,0,0
8350001.06,0001.06,835,Edmonton,B,48835,48,Alberta,2,2,1,0,1,1,0,0,2,0,0
9350151.03,0151.03,935,Victoria,B,59935,59,British Columbia / Colombie-Britannique,0,1,0,0,1,1,2,1,1,0,0
5350520.08,0520.08,535,Toronto,B,35535,35,Ontario,0,2,0,0,2,0,1,2,0,0,0
4500008.00,0008.00,450,Granby,K,24450,24,Quebec / Québec,0,0,0,0,2,2,0,1,2,0,0
9250005.02,0005.02,925,Kamloops,K,59925,59,British Columbia / Colombie-Britannique,0,0,0,0,0,0,0,1,1,0,0
5390003.02,0003.02,539,St. Catharines - Niagara,B,35539,35,Ontario,0,1,0,0,3,0,0,0,0,0,0
9330053.02,0053.02,933,Vancouver,B,59933,59,British Columbia / Colombie-Britannique,0,1,0,0,2,1,1,0,2,0,0
5220300.00,0300.00,522,Belleville,K,35522,35,Ontario,0,0,1,0,0,0,0,0,0,0,0
5350261.00,0261.00,535,Toronto,B,35535,35,Ontario,0,3,0,0,6,1,0,0,0,0,0
5050302.00,0302.00,505,Ottawa - Gatineau (Ontario part / partie de l'Ontario),B,35505,35,Ontario,0,1,0,0,2,0,0,0,0,0,0
4620045.00,0045.00,462,Montréal,B,24462,24,Quebec / Québec,1,1,1,0,2,5,0,0,2,0,0
7050100.03,0100.03,705,Regina,B,47705,47,Saskatchewan,0,0,0,0,0,0,0,0,0,0,0
5350528.41,0528.41,535,Toronto,B,35535,35,Ontario,1,25,0,2,25,6,4,9,21,0,0
2050017.00,0017.00,205,Halifax,B,12205,12,Nova Scotia / Nouvelle-Écosse,0,0,0,0,0,0,1,0,1,0,0
8250068.00,0068.00,825,Calgary,B,48825,48,Alberta,0,1,0,0,0,0,1,0,0,0,0
4620415.03,0415.03,462,Montréal,B,24462,24,Quebec / Québec,0,0,0,0,0,0,0,0,0,0,0
5350805.02,0805.02,535,Toronto,B,35535,35,Ontario,0,1,0,0,1,0,0,0,0,0,0
4210311.01,0311.01,421,Québec,B,24421,24,Quebec / Québec,0,1,3,0,5,0,0,0,0,0,0
4210001.02,0001.02,421,Québec,B,24421,24,Quebec / Québec,0,4,2,0,1,0,0,0,1,0,0
5410109.06,0109.06,541,Kitchener - Cambridge - Waterloo,B,35541,35,Ontario,0,0,1,0,0,0,0,0,0,0,0
5350135.00,0135.00,535,Toronto,B,35535,35,Ontario,1,10,1,2,7,0,0,1,2,0,0
9330036.02,0036.02,933,Vancouver,B,59933,59,British Columbia / Colombie-Britannique,0,1,0,0,0,0,0,0,0,0,0
8350012.02,0012.02,835,Edmonton,B,48835,48,Alberta,0,4,0,0,9,5,4,1,4,0,0
9330502.05,0502.05,933,Vancouver,B,59933,59,British Columbia / Colombie-Britannique,0,0,0,0,3,0,1,0,1,0,0
5350442.02,0442.02,535,Toronto,B,35535,35,Ontario,0,0,0,0,0,0,1,0,1,0,0
5590120.02,0120.02,559,Windsor,B,35559,35,Ontario,0,1,0,0,1,0,1,0,0,0,0
5350576.20,0576.20,535,Toronto,B,35535,35,Ontario,1,1,0,0,0,0,0,0,0,0,0
5500001.03,0001.03,550,Guelph,B,35550,35,Ontario,1,0,1,0,1,0,1,0,0,0,0
9300026.00,0026.00,930,Chilliwack,K,59930,59,British Columbia / Colombie-Britannique,0,0,0,0,2,0,0,0,0,0,0
5350527.09,0527.09,535,Toronto,B,35535,35,Ontario,0,0,0,0,0,0,1,0,0,0,0
0010008.00,0008.00,001,St. John's,B,10001,10,Newfoundland and Labrador / Terre-Neuve-et-Labrador,1,1,0,0,4,0,1,0,5,0,0
5350639.00,0639.00,535,Toronto,B,35535,35,Ontario,0,2,0,1,4,0,0,0,1,0,0
9350131.00,0131.00,935,Victoria,B,59935,59,British Columbia / Colombie-Britannique,0,0,1,0,2,0,0,0,2,0,0
4620629.00,0629.00,462,Montréal,B,24462,24,Quebec / Québec,1,0,1,0,2,0,1,0,0,0,0
4620156.00,0156.00,462,Montréal,B,24462,24,Quebec / Québec,0,0,0,0,4,2,0,0,0,0,0
6020116.00,0116.00,602,Winnipeg,B,46602,46,Manitoba,1,0,1,1,3,0,2,1,0,0,0
5590018.02,0018.02,559,Windsor,B,35559,35,Ontario,0,2,1,0,5,0,2,1,0,0,0
8350104.21,0104.21,835,Edmonton,B,48835,48,Alberta,0,0,0,0,2,0,0,0,1,0,0
5350401.08,0401.08,535,Toronto,B,35535,35,Ontario,0,0,0,0,0,0,0,0,0,0,0
4620856.00,0856.00,462,Montréal,B,24462,24,Quebec / Québec,0,2,0,0,0,0,0,1,1,0,0
4210041.05,0041.05,421,Québec,B,24421,24,Quebec / Québec,0,0,2,0,2,0,1,0,0,0,0
5370026.06,0026.06,537,Hamilton,B,35537,35,Ontario,0,0,0,1,1,0,0,0,0,0,0
4620147.00,0147.00,462,Montréal,B,24462,24,Quebec / Québec,0,1,1,0,0,1,0,0,0,0,1
4210001.01,0001.01,421,Québec,B,24421,24,Quebec / Québec,6,4,3,1,6,0,1,0,1,1,0
5350229.00,0229.00,535,Toronto,B,35535,35,Ontario,1,2,0,0,1,0,0,0,0,0,0
4620012.01,0012.01,462,Montréal,B,24462,24,Quebec / Québec,0,2,0,0,1,1,1,0,0,0,0
9330004.01,0004.01,933,Vancouver,B,59933,59,British Columbia / Colombie-Britannique,2,0,0,0,3,0,0,0,0,0,0
5050025.00,0025.00,505,Ottawa - Gatineau (Ontario part / partie de l'Ontario),B,35505,35,Ontario,0,3,4,0,5,0,1,0,0,0,0
5350362.01,0362.01,535,Toronto,B,35535,35,Ontario,0,2,0,0,0,0,0,0,0,0,0
9250016.00,0016.00,925,Kamloops,K,59925,59,British Columbia / Colombie-Britannique,2,0,1,0,2,2,2,0,0,1,0
4210100.00,0100.00,421,Québec,B,24421,24,Quebec / Québec,1,0,0,0,0,0,0,0,0,0,0
3100012.00,0012.00,310,Saint John,B,13310,13,New Brunswick / Nouveau-Brunswick,0,0,0,0,1,0,0,0,0,0,0
8100102.00,0102.00,810,Lethbridge,K,48810,48,Alberta,3,3,1,1,2,0,2,0,1,0,0
8350072.00,0072.00,835,Edmonton,B,48835,48,Alberta,0,0,0,0,1,0,0,0,0,0,0
5320004.01,0004.01,532,Oshawa,B,35532,35,Ontario,0,0,0,0,0,0,1,0,0,0,0
4620650.02,0650.02,462,Montréal,B,24462,24,Quebec / Québec,0,1,0,0,0,0,0,0,1,0,0
8250060.00,0060.00,825,Calgary,B,48825,48,Alberta,1,0,0,0,6,0,0,0,0,0,0
5350341.03,0341.03,535,Toronto,B,35535,35,Ontario,0,0,0,0,1,0,0,0,0,0,0
5050041.00,0041.00,505,Ottawa - Gatineau (Ontario part / partie de l'Ontario),B,35505,35,Ontario,2,3,1,1,11,0,0,0,0,0,0
5210102.00,0102.00,521,Kingston,B,35521,35,Ontario,0,0,1,0,1,0,0,0,3,0,0
9380008.00,0008.00,938,Nanaimo,K,59938,59,British Columbia / Colombie-Britannique,0,0,1,0,3,0,0,0,2,0,0
8250077.20,0077.20,825,Calgary,B,48825,48,Alberta,0,0,0,0,0,0,0,0,0,0,0
5410109.01,0109.01,541,Kitchener - Cambridge - Waterloo,B,35541,35,Ontario,0,0,1,1,1,0,0,0,0,0,0
3200011.00,0011.00,320,Fredericton,K,13320,13,New Brunswick / Nouveau-Brunswick,0,1,0,0,9,1,0,0,1,0,0
4500100.00,0100.00,450,Granby,K,24450,24,Quebec / Québec,0,5,0,0,2,4,1,0,11,0,0
8350121.07,0121.07,835,Edmonton,B,48835,48,Alberta,0,0,0,1,0,0,0,0,0,0,0
5350476.00,0476.00,535,Toronto,B,35535,35,Ontario,0,0,0,0,0,0,0,0,0,0,0
5350176.00,0176.00,535,Toronto,B,35535,35,Ontario,2,2,0,1,0,0,0,2,0,0,0
4620095.00,0095.00,462,Montréal,B,24462,24,Quebec / Québec,1,2,1,2,4,1,0,0,0,0,0
8350090.20,0090.20,835,Edmonton,B,48835,48,Alberta,1,0,0,0,0,0,1,0,0,0,0
8250001.29,0001.29,825,Calgary,B,48825,48,Alberta,0,0,1,0,0,0,1,0,0,0,0
4620831.04,0831.04,462,Montréal,B,24462,24,Quebec / Québec,0,0,0,0,1,0,0,0,1,0,0
4620254.00,0254.00,462,Montréal,B,24462,24,Quebec / Québec,0,0,0,0,1,2,0,0,0,0,0
7050002.02,0002.02,705,Regina,B,47705,47,Saskatchewan,0,0,0,0,3,1,1,1,1,0,0
8250056.00,0056.00,825,Calgary,B,48825,48,Alberta,1,2,3,2,6,3,4,1,2,0,0
4620520.03,0520.03,462,Montréal,B,24462,24,Quebec / Québec,0,0,0,0,0,0,0,0,0,0,0
5800110.00,0110.00,580,Greater Sudbury / Grand Sudbury,B,35580,35,Ontario,0,0,0,0,0,0,0,0,1,0,0
5350528.39,0528.39,535,Toronto,B,35535,35,Ontario,0,0,0,1,3,0,0,2,0,0,0
8250001.06,0001.06,825,Calgary,B,48825,48,Alberta,0,0,0,0,2,1,2,0,0,0,0
5350403.05,0403.05,535,Toronto,B,35535,35,Ontario,0,0,0,0,0,0,0,0,0,0,0
8250017.01,0017.01,825,Calgary,B,48825,48,Alberta,0,1,0,0,2,0,3,0,0,0,0
8250050.07,0050.07,825,Calgary,B,48825,48,Alberta,0,1,0,0,0,1,2,0,2,0,0
5550001.06,0001.06,555,London,B,35555,35,Ontario,0,0,0,0,0,1,0,0,0,0,0
8250001.36,0001.36,825,Calgary,B,48825,48,Alberta,0,0,0,0,0,0,0,1,0,0,0
5050710.01,0710.01,505,Ottawa - Gatineau (partie du Québec / Quebec part),B,24505,24,Quebec / Québec,0,0,1,0,2,0,0,0,2,0,0
5050181.02,0181.02,505,Ottawa - Gatineau (Ontario part / partie de l'Ontario),B,35505,35,Ontario,0,0,2,0,2,0,0,0,1,0,0
4620012.02,0012.02,462,Montréal,B,24462,24,Quebec / Québec,1,1,1,0,2,1,0,0,0,0,0
5370068.00,0068.00,537,Hamilton,B,35537,35,Ontario,0,0,0,0,0,1,0,0,0,0,0
9330013.03,0013.03,933,Vancouver,B,59933,59,British Columbia / Colombie-Britannique,0,0,0,0,0,0,0,0,0,0,0
5050125.04,0125.04,505,Ottawa - Gatineau (Ontario part / partie de l'Ontario),B,35505,35,Ontario,0,0,0,0,0,0,0,0,0,0,0
5350564.01,0564.01,535,Toronto,B,35535,35,Ontario,0,0,0,0,0,0,0,0,0,0,1
4620310.00,0310.00,462,Montréal,B,24462,24,Quebec / Québec,0,0,0,0,0,0,0,0,0,0,0
4420012.02,0012.02,442,Trois-Rivières,B,24442,24,Quebec / Québec,0,0,0,0,4,2,2,0,0,0,0
4620888.03,0888.03,462,Montréal,B,24462,24,Quebec / Québec,0,0,0,0,0,2,1,0,0,0,0
5410014.04,0014.04,541,Kitchener - Cambridge - Waterloo,B,35541,35,Ontario,0,0,0,0,0,0,0,0,0,0,0
5350377.02,0377.02,535,Toronto,B,35535,35,Ontario,0,1,0,0,3,0,0,1,0,0,0
8350142.03,0142.03,835,Edmonton,B,48835,48,Alberta,2,3,3,0,5,2,2,0,2,0,1
3100027.01,0027.01,310,Saint John,B,13310,13,New Brunswick / Nouveau-Brunswick,0,1,2,0,0,0,0,0,0,0,0
4210039.02,0039.02,421,Québec,B,24421,24,Quebec / Québec,0,1,1,0,1,3,0,0,0,0,1
5050051.00,0051.00,505,Ottawa - Gatineau (Ontario part / partie de l'Ontario),B,35505,35,Ontario,0,0,1,0,8,2,0,0,4,0,0
4620677.06,0677.06,462,Montréal,B,24462,24,Quebec / Québec,0,0,0,0,0,0,0,1,0,0,0
4620006.00,0006.00,462,Montréal,B,24462,24,Quebec / Québec,0,0,1,0,1,0,1,0,0,0,0
4620094.02,0094.02,462,Montréal,B,24462,24,Quebec / Québec,0,0,0,0,0,0,0,1,0,0,0
9350132.01,0132.01,935,Victoria,B,59935,59,British Columbia / Colombie-Britannique,0,1,0,0,0,0,0,1,0,0,0
4500013.00,0013.00,450,Granby,K,24450,24,Quebec / Québec,0,0,0,0,1,0,0,0,0,0,0
5800102.00,0102.00,580,Greater Sudbury / Grand Sudbury,B,35580,35,Ontario,0,0,1,0,6,0,0,0,4,0,0
5590027.00,0027.00,559,Windsor,B,35559,35,Ontario,0,0,0,0,0,1,0,0,1,0,0
4620152.00,0152.00,462,Montréal,B,24462,24,Quebec / Québec,0,0,0,0,1,1,0,0,0,0,0
9330184.16,0184.16,933,Vancouver,B,59933,59,British Columbia / Colombie-Britannique,0,0,0,0,0,0,0,0,0,0,0
5350224.00,0224.00,535,Toronto,B,35535,35,Ontario,0,0,0,0,1,0,0,0,0,0,0
0010010.00,0010.00,001,St. John's,B,10001,10,Newfoundland and Labrador / Terre-Neuve-et-Labrador,0,2,0,0,4,0,2,1,4,0,0
5350210.00,0210.00,535,Toronto,B,35535,35,Ontario,1,5,2,1,4,0,0,1,3,0,0
9350125.02,0125.02,935,Victoria,B,59935,59,British Columbia / Colombie-Britannique,0,0,0,0,1,0,0,0,0,0,0
4620077.00,0077.00,462,Montréal,B,24462,24,Quebec / Québec,1,0,0,0,1,0,1,1,1,0,0
5410001.04,0001.04,541,Kitchener - Cambridge - Waterloo,B,35541,35,Ontario,0,1,0,0,1,0,0,0,0,0,0
8350075.04,0075.04,835,Edmonton,B,48835,48,Alberta,0,0,0,0,1,0,0,0,0,0,0
4620277.00,0277.00,462,Montréal,B,24462,24,Quebec / Québec,0,1,3,0,3,0,1,0,0,0,0
5350576.24,0576.24,535,Toronto,B,35535,35,Ontario,0,0,0,0,0,0,0,0,0,0,0
9330223.01,0223.01,933,Vancouver,B,59933,59,British Columbia / Colombie-Britannique,0,0,0,0,0,0,0,1,0,0,0
9330206.00,0206.00,933,Vancouver,B,59933,59,British Columbia / Colombie-Britannique,0,11,1,0,10,4,2,3,3,0,0
5050043.00,0043.00,505,Ottawa - Gatineau (Ontario part / partie de l'Ontario),B,35505,35,Ontario,1,1,1,1,10,0,0,0,0,0,0
8250006.00,0006.00,825,Calgary,B,48825,48,Alberta,1,1,1,1,3,0,1,1,0,0,0
8350068.02,0068.02,835,Edmonton,B,48835,48,Alberta,0,2,3,0,3,1,1,0,0,0,0
5350047.02,0047.02,535,Toronto,B,35535,35,Ontario,0,0,0,0,1,1,1,0,0,0,0
5350576.51,0576.51,535,Toronto,B,35535,35,Ontario,0,0,0,0,0,0,0,0,0,0,0
5350045.00,0045.00,535,Toronto,B,35535,35,Ontario,0,2,4,0,2,3,0,0,0,0,0
4620522.02,0522.02,462,Montréal,B,24462,24,Quebec / Québec,0,0,1,0,0,0,0,0,0,0,0
8100017.02,0017.02,810,Lethbridge,K,48810,48,Alberta,0,0,0,0,0,0,0,0,0,0,0
0010110.00,0110.00,001,St. John's,B,10001,10,Newfoundland and Labrador / Terre-Neuve-et-Labrador,0,0,0,0,1,1,0,0,3,0,0
5350572.04,0572.04,535,Toronto,B,35535,35,Ontario,0,0,0,0,1,0,0,0,0,0,0
4620242.00,0242.00,462,Montréal,B,24462,24,Quebec / Québec,0,2,1,0,0,3,0,0,0,0,0
4620280.00,0280.00,462,Montréal,B,24462,24,Quebec / Québec,0,3,0,2,2,0,1,0,0,0,0
4620689.04,0689.04,462,Montréal,B,24462,24,Quebec / Québec,0,0,0,0,1,2,0,0,0,0,0
7250105.00,0105.00,725,Saskatoon,B,47725,47,Saskatchewan,0,1,1,0,1,0,1,0,3,0,0
4620777.01,0777.01,462,Montréal,B,24462,24,Quebec / Québec,0,1,1,0,2,3,0,0,0,0,0
5350562.14,0562.14,535,Toronto,B,35535,35,Ontario,0,1,0,0,0,0,0,0,0,0,0
5550001.05,0001.05,555,London,B,35555,35,Ontario,0,0,0,0,2,0,0,1,0,0,0
5350341.02,0341.02,535,Toronto,B,35535,35,Ontario,1,1,1,0,5,0,1,2,0,0,0
4420005.00,0005.00,442,Trois-Rivières,B,24442,24,Quebec / Québec,0,0,4,0,5,4,1,0,0,0,0
5590001.00,0001.00,559,Windsor,B,35559,35,Ontario,0,1,1,0,0,0,0,0,0,0,0
4620521.04,0521.04,462,Montréal,B,24462,24,Quebec / Québec,0,1,0,0,0,0,0,0,0,0,0
5680015.03,0015.03,568,Barrie,B,35568,35,Ontario,0,0,1,0,0,0,0,0,0,0,0
5430101.00,0101.00,543,Brantford,B,35543,35,Ontario,0,1,0,1,0,0,0,0,0,0,0
7250021.01,0021.01,725,Saskatoon,B,47725,47,Saskatchewan,1,5,0,0,7,2,0,5,7,0,0
5350190.01,0190.01,535,Toronto,B,35535,35,Ontario,0,0,0,0,3,0,0,0,0,0,0
5350513.02,0513.02,535,Toronto,B,35535,35,Ontario,0,5,2,0,0,0,0,2,0,0,0
4210103.00,0103.00,421,Québec,B,24421,24,Quebec / Québec,0,7,5,0,8,0,0,1,2,0,0
5050004.00,0004.00,505,Ottawa - Gatineau (Ontario part / partie de l'Ontario),B,35505,35,Ontario,0,4,1,0,7,0,1,0,0,0,0
6020036.00,0036.00,602,Winnipeg,B,46602,46,Manitoba,0,0,0,0,1,1,0,0,0,0,1
4210041.04,0041.04,421,Québec,B,24421,24,Quebec / Québec,0,1,1,0,1,0,2,0,0,0,0
4620165.00,0165.00,462,Montréal,B,24462,24,Quebec / Québec,0,4,0,0,3,0,3,0,0,0,0
4620290.03,0290.03,462,Montréal,B,24462,24,Quebec / Québec,0,0,0,0,1,0,1,0,0,0,0
5410008.02,0008.02,541,Kitchener - Cambridge - Waterloo,B,35541,35,Ontario,0,0,0,0,1,0,1,0,0,0,0
5350528.49,0528.49,535,Toronto,B,35535,35,Ontario,0,0,0,0,0,0,0,0,0,0,0
8250007.03,0007.03,825,Calgary,B,48825,48,Alberta,0,0,0,0,1,1,4,0,0,0,0
4620855.01,0855.01,462,Montréal,B,24462,24,Quebec / Québec,1,1,1,0,0,0,1,0,0,0,0
9250019.00,0019.00,925,Kamloops,K,59925,59,British Columbia / Colombie-Britannique,0,0,0,0,0,1,1,0,1,0,0
4620710.05,0710.05,462,Montréal,B,24462,24,Quebec / Québec,0,0,0,0,0,0,0,0,1,0,0
8050003.01,0003.01,805,Medicine Hat,K,48805,48,Alberta,0,0,0,0,1,0,1,0,0,0,0
5210005.00,0005.00,521,Kingston,B,35521,35,Ontario,0,0,0,0,0,0,0,0,0,0,0
5410111.05,0111.05,541,Kitchener - Cambridge - Waterloo,B,35541,35,Ontario,0,0,3,0,1,1,0,2,3,0,0
9330055.02,0055.02,933,Vancouver,B,59933,59,British Columbia / Colombie-Britannique,0,0,0,0,5,1,0,0,0,0,0
5350188.00,0188.00,535,Toronto,B,35535,35,Ontario,0,0,0,0,0,0,0,0,0,0,0
4620512.04,0512.04,462,Montréal,B,24462,24,Quebec / Québec,0,1,0,1,0,0,0,0,0,0,0
4620903.07,0903.07,462,Montréal,B,24462,24,Quebec / Québec,0,0,1,0,2,2,2,0,1,0,0
9330149.08,0149.08,933,Vancouver,B,59933,59,British Columbia / Colombie-Britannique,0,1,0,0,2,0,0,0,0,0,0
5750110.00,0110.00,575,North Bay,K,35575,35,Ontario,0,0,0,0,1,0,1,0,3,0,0
9330149.09,0149.09,933,Vancouver,B,59933,59,British Columbia / Colombie-Britannique,0,0,0,0,0,0,0,0,0,0,0
5050101.00,0101.00,505,Ottawa - Gatineau (Ontario part / partie de l'Ontario),B,35505,35,Ontario,0,3,2,2,10,4,2,1,2,0,0
5350324.01,0324.01,535,Toronto,B,35535,35,Ontario,0,0,0,0,0,0,0,0,0,0,0
4210117.02,0117.02,421,Québec,B,24421,24,Quebec / Québec,3,1,6,0,5,0,1,0,0,1,0
4330015.01,0015.01,433,Sherbrooke,B,24433,24,Quebec / Québec,0,1,2,0,3,1,0,0,0,0,0
4620512.03,0512.03,462,Montréal,B,24462,24,Quebec / Québec,0,0,0,0,0,0,0,0,0,0,0
8350018.00,0018.00,835,Edmonton,B,48835,48,Alberta,0,6,1,3,7,3,2,3,2,0,0
8350121.06,0121.06,835,Edmonton,B,48835,48,Alberta,2,0,0,1,4,2,2,0,0,0,0
5680001.07,0001.07,568,Barrie,B,35568,35,Ontario,0,0,0,0,0,0,0,0,0,0,0
8350075.09,0075.09,835,Edmonton,B,48835,48,Alberta,0,0,0,0,1,1,0,0,0,0,0
5350378.26,0378.26,535,Toronto,B,35535,35,Ontario,0,0,0,0,0,0,0,0,0,0,0
5290102.01,0102.01,529,Peterborough,B,35529,35,Ontario,1,2,0,1,4,1,3,0,4,0,1
5550015.00,0015.00,555,London,B,35555,35,Ontario,0,1,0,1,1,0,1,0,0,0,0
4080104.00,0104.00,408,Saguenay,B,24408,24,Quebec / Québec,0,0,1,0,1,2,0,0,3,0,0
5590038.00,0038.00,559,Windsor,B,35559,35,Ontario,0,0,1,0,4,0,0,0,0,0,0
9150008.00,0008.00,915,Kelowna,B,59915,59,British Columbia / Colombie-Britannique,1,7,5,0,11,7,7,9,9,0,1
5350181.02,0181.02,535,Toronto,B,35535,35,Ontario,0,0,0,0,3,0,0,0,0,0,0
5350576.34,0576.34,535,Toronto,B,35535,35,Ontario,0,0,0,0,1,0,0,0,0,0,0
9250014.00,0014.00,925,Kamloops,K,59925,59,British Columbia / Colombie-Britannique,0,0,1,0,5,2,1,0,1,0,0
8350104.19,0104.19,835,Edmonton,B,48835,48,Alberta,1,0,0,0,0,0,2,0,0,0,0
5390214.00,0214.00,539,St. Catharines - Niagara,B,35539,35,Ontario,0,0,0,0,1,0,0,0,1,0,0
5050023.02,0023.02,505,Ottawa - Gatineau (Ontario part / partie de l'Ontario),B,35505,35,Ontario,0,1,2,0,0,0,0,0,0,0,0
7250006.01,0006.01,725,Saskatoon,B,47725,47,Saskatchewan,0,0,0,0,1,0,0,0,1,0,1
8300005.00,0005.00,830,Red Deer,K,48830,48,Alberta,0,0,0,0,2,1,1,0,1,0,0
5350609.00,0609.00,535,Toronto,B,35535,35,Ontario,0,0,0,0,0,0,1,0,0,0,0
5900102.00,0102.00,590,Sault Ste. Marie,K,35590,35,Ontario,0,0,0,0,1,0,0,0,0,0,0
4620285.00,0285.00,462,Montréal,B,24462,24,Quebec / Québec,1,0,3,1,5,0,0,0,0,0,0
7050001.02,0001.02,705,Regina,B,47705,47,Saskatchewan,0,1,0,1,1,0,0,1,4,0,0
0010011.00,0011.00,001,St. John's,B,10001,10,Newfoundland and Labrador / Terre-Neuve-et-Labrador,0,1,0,0,6,0,0,0,0,0,1
9330180.02,0180.02,933,Vancouver,B,59933,59,British Columbia / Colombie-Britannique,0,1,0,1,2,1,2,0,2,0,0
5370060.00,0060.00,537,Hamilton,B,35537,35,Ontario,0,0,0,0,1,0,1,0,0,0,0
4620460.00,0460.00,462,Montréal,B,24462,24,Quebec / Québec,0,1,1,0,2,0,1,0,0,0,0
4620734.01,0734.01,462,Montréal,B,24462,24,Quebec / Québec,0,1,1,1,0,1,0,0,2,0,0
4620304.00,0304.00,462,Montréal,B,24462,24,Quebec / Québec,1,0,0,0,0,0,0,0,0,0,0
4330013.00,0013.00,433,Sherbrooke,B,24433,24,Quebec / Québec,0,8,1,0,11,5,1,0,1,0,0
4620881.01,0881.01,462,Montréal,B,24462,24,Quebec / Québec,0,0,1,0,2,0,0,0,0,0,0
8100012.00,0012.00,810,Lethbridge,K,48810,48,Alberta,0,0,1,1,7,1,1,1,0,0,0
5590120.03,0120.03,559,Windsor,B,35559,35,Ontario,1,3,0,1,2,1,1,0,0,0,0
5350174.00,0174.00,535,Toronto,B,35535,35,Ontario,2,0,0,0,1,0,0,0,0,0,0
2050104.01,0104.01,205,Halifax,B,12205,12,Nova Scotia / Nouvelle-Écosse,0,3,0,0,2,2,1,1,1,0,0
5370223.15,0223.15,537,Hamilton,B,35537,35,Ontario,0,0,0,0,0,0,0,0,0,0,0
4620887.06,0887.06,462,Montréal,B,24462,24,Quebec / Québec,0,1,0,0,0,0,0,0,0,0,0
8350069.00,0069.00,835,Edmonton,B,48835,48,Alberta,2,0,1,0,1,1,1,0,0,0,0
5210111.01,0111.01,521,Kingston,B,35521,35,Ontario,0,1,0,0,0,0,0,0,0,0,0
6020595.02,0595.02,602,Winnipeg,B,46602,46,Manitoba,0,0,0,0,1,0,0,0,0,0,0
5220010.00,0010.00,522,Belleville,K,35522,35,Ontario,0,0,0,0,0,0,0,0,0,0,0
5050161.05,0161.05,505,Ottawa - Gatineau (Ontario part / partie de l'Ontario),B,35505,35,Ontario,0,0,0,0,0,0,0,0,0,0,0
5350304.04,0304.04,535,Toronto,B,35535,35,Ontario,0,0,0,0,0,0,0,0,0,0,0
4210041.03,0041.03,421,Québec,B,24421,24,Quebec / Québec,0,0,0,0,0,0,0,0,0,0,0
4210270.04,0270.04,421,Québec,B,24421,24,Quebec / Québec,0,2,2,1,2,2,0,0,0,0,0
9350121.02,0121.02,935,Victoria,B,59935,59,British Columbia / Colombie-Britannique,0,0,0,0,1,0,0,1,0,0,0
5410018.00,0018.00,541,Kitchener - Cambridge - Waterloo,B,35541,35,Ontario,0,3,0,0,5,0,1,0,0,0,0
5350820.03,0820.03,535,Toronto,B,35535,35,Ontario,0,1,0,0,0,0,0,0,0,0,0
5550110.01,0110.01,555,London,B,35555,35,Ontario,0,1,2,1,2,0,2,1,0,0,0
4620726.01,0726.01,462,Montréal,B,24462,24,Quebec / Québec,0,3,2,1,4,2,0,1,0,0,1
4620689.02,0689.02,462,Montréal,B,24462,24,Quebec / Québec,0,0,0,0,1,0,0,0,0,0,0
5390012.02,0012.02,539,St. Catharines - Niagara,B,35539,35,Ontario,0,0,1,0,3,1,1,2,0,0,0
5320200.00,0200.00,532,Oshawa,B,35532,35,Ontario,0,1,0,0,1,0,1,0,1,0,0
5350016.00,0016.00,535,Toronto,B,35535,35,Ontario,1,24,0,2,19,3,0,1,3,0,0
5350410.12,0410.12,535,Toronto,B,35535,35,Ontario,0,2,1,0,1,1,1,0,0,0,0
5050201.00,0201.00,505,Ottawa - Gatineau (Ontario part / partie de l'Ontario),B,35505,35,Ontario,0,5,0,0,3,2,2,0,0,0,0
5210110.00,0110.00,521,Kingston,B,35521,35,Ontario,0,13,6,1,8,1,1,5,6,0,1
5370033.00,0033.00,537,Hamilton,B,35537,35,Ontario,0,0,2,0,3,0,0,0,1,0,0
5350441.02,0441.02,535,Toronto,B,35535,35,Ontario,0,2,0,1,4,0,2,0,0,0,0
9330506.02,0506.02,933,Vancouver,B,59933,59,British Columbia / Colombie-Britannique,0,0,0,0,3,1,1,0,3,0,0
5390206.00,0206.00,539,St. Catharines - Niagara,B,35539,35,Ontario,0,0,2,0,3,0,0,1,9,0,1
9330143.03,0143.03,933,Vancouver,B,59933,59,British Columbia / Colombie-Britannique,0,0,0,0,0,0,1,0,1,0,0
8250076.01,0076.01,825,Calgary,B,48825,48,Alberta,0,0,0,0,2,0,0,0,0,0,0
8250038.34,0038.34,825,Calgary,B,48825,48,Alberta,0,1,0,0,0,0,0,0,0,0,0
4620646.01,0646.01,462,Montréal,B,24462,24,Quebec / Québec,0,0,2,0,3,2,1,0,0,0,0
5390200.00,0200.00,539,St. Catharines - Niagara,B,35539,35,Ontario,0,0,0,0,2,0,0,0,0,0,0
5050011.03,0011.03,505,Ottawa - Gatineau (Ontario part / partie de l'Ontario),B,35505,35,Ontario,0,1,0,0,0,0,0,0,0,0,0
5050135.03,0135.03,505,Ottawa - Gatineau (Ontario part / partie de l'Ontario),B,35505,35,Ontario,0,0,0,0,0,0,0,0,0,0,0
5050162.01,0162.01,505,Ottawa - Gatineau (Ontario part / partie de l'Ontario),B,35505,35,Ontario,0,1,0,1,1,0,2,0,1,0,0
4620287.02,0287.02,462,Montréal,B,24462,24,Quebec / Québec,1,0,1,0,0,0,0,0,0,0,0
9330185.10,0185.10,933,Vancouver,B,59933,59,British Columbia / Colombie-Britannique,0,2,0,0,1,0,0,0,0,0,0
5050057.00,0057.00,505,Ottawa - Gatineau (Ontario part / partie de l'Ontario),B,35505,35,Ontario,0,3,3,0,2,1,0,0,0,0,0
8300008.01,0008.01,830,Red Deer,K,48830,48,Alberta,0,0,0,0,0,0,0,0,0,0,0
5350306.02,0306.02,535,Toronto,B,35535,35,Ontario,0,11,0,0,3,0,0,0,0,0,0
8250001.31,0001.31,825,Calgary,B,48825,48,Alberta,0,0,0,0,1,0,0,0,0,0,0
5350069.00,0069.00,535,Toronto,B,35535,35,Ontario,2,3,0,0,3,0,0,0,0,0,0
9330114.02,0114.02,933,Vancouver,B,59933,59,British Columbia / Colombie-Britannique,0,1,0,0,3,0,0,0,0,0,0
5350301.03,0301.03,535,Toronto,B,35535,35,Ontario,0,0,0,0,0,0,0,0,0,0,0
5370042.00,0042.00,537,Hamilton,B,35537,35,Ontario,2,2,3,2,1,1,3,0,0,0,0
9330006.02,0006.02,933,Vancouver,B,59933,59,British Columbia / Colombie-Britannique,1,0,0,0,0,0,0,0,0,0,0
0010201.00,0201.00,001,St. John's,B,10001,10,Newfoundland and Labrador / Terre-Neuve-et-Labrador,0,0,0,0,0,0,0,0,1,0,0
4620511.02,0511.02,462,Montréal,B,24462,24,Quebec / Québec,0,0,0,0,2,1,0,0,0,0,0
8250001.28,0001.28,825,Calgary,B,48825,48,Alberta,0,0,0,0,1,0,1,0,0,0,0
5050141.04,0141.04,505,Ottawa - Gatineau (Ontario part / partie de l'Ontario),B,35505,35,Ontario,0,0,0,0,1,0,0,0,0,0,0
5350401.23,0401.23,535,Toronto,B,35535,35,Ontario,0,0,0,0,0,0,0,0,0,0,0
4620827.04,0827.04,462,Montréal,B,24462,24,Quebec / Québec,0,2,0,0,4,2,0,0,0,0,0
5350571.02,0571.02,535,Toronto,B,35535,35,Ontario,0,2,0,0,1,2,2,2,0,0,1
5220500.00,0500.00,522,Belleville,K,35522,35,Ontario,0,0,0,0,1,0,0,0,1,0,0
5350420.15,0420.15,535,Toronto,B,35535,35,Ontario,0,0,0,0,0,0,0,0,0,0,0
5350441.03,0441.03,535,Toronto,B,35535,35,Ontario,0,0,0,0,1,0,0,0,0,0,0
8250029.00,0029.00,825,Calgary,B,48825,48,Alberta,0,1,0,0,2,2,1,0,4,0,0
4620904.06,0904.06,462,Montréal,B,24462,24,Quebec / Québec,0,0,0,0,0,0,0,0,0,0,0
5350807.00,0807.00,535,Toronto,B,35535,35,Ontario,0,0,0,0,1,0,0,0,1,0,0
4621003.00,1003.00,462,Montréal,B,24462,24,Quebec / Québec,0,1,3,0,1,0,0,0,2,0,0
4330019.01,0019.01,433,Sherbrooke,B,24433,24,Quebec / Québec,0,0,0,0,0,0,0,0,0,0,0
5350107.00,0107.00,535,Toronto,B,35535,35,Ontario,0,0,0,0,2,0,0,0,0,0,0
5410002.11,0002.11,541,Kitchener - Cambridge - Waterloo,B,35541,35,Ontario,0,1,0,0,1,0,0,0,0,0,0
4590015.00,0015.00,459,Saint-Jean-sur-Richelieu,K,24459,24,Quebec / Québec,1,3,0,1,6,2,0,0,0,0,0
8350164.02,0164.02,835,Edmonton,B,48835,48,Alberta,0,0,0,0,0,0,0,0,1,0,0
5050613.03,0613.03,505,Ottawa - Gatineau (partie du Québec / Quebec part),B,24505,24,Quebec / Québec,0,0,1,0,1,0,0,1,0,0,0
5500011.00,0011.00,550,Guelph,B,35550,35,Ontario,1,8,0,0,5,0,0,1,3,0,0
2050026.03,0026.03,205,Halifax,B,12205,12,Nova Scotia / Nouvelle-Écosse,0,2,0,0,0,0,0,0,1,0,0
5350540.01,0540.01,535,Toronto,B,35535,35,Ontario,0,6,1,1,3,1,1,0,1,0,0
5430014.04,0014.04,543,Brantford,B,35543,35,Ontario,0,0,0,0,0,0,0,0,0,0,0
5950013.00,0013.00,595,Thunder Bay,B,35595,35,Ontario,0,0,0,0,0,0,0,0,0,0,0
9330051.01,0051.01,933,Vancouver,B,59933,59,British Columbia / Colombie-Britannique,0,1,0,0,0,0,0,0,0,0,0
5350348.00,0348.00,535,Toronto,B,35535,35,Ontario,2,2,0,0,2,1,1,1,0,0,0
9700101.00,0101.00,970,Prince George,K,59970,59,British Columbia / Colombie-Britannique,0,0,0,0,0,1,1,0,1,0,0
4620855.04,0855.04,462,Montréal,B,24462,24,Quebec / Québec,0,0,0,0,0,0,0,0,0,0,0
5370133.02,0133.02,537,Hamilton,B,35537,35,Ontario,0,3,5,0,4,1,1,0,0,0,0
5620101.03,0101.03,562,Sarnia,K,35562,35,Ontario,0,0,0,0,1,0,0,0,0,0,0
6020540.04,0540.04,602,Winnipeg,B,46602,46,Manitoba,0,3,0,0,0,0,0,2,0,0,0
5590026.00,0026.00,559,Windsor,B,35559,35,Ontario,0,5,3,0,1,0,0,1,2,0,0
5050612.02,0612.02,505,Ottawa - Gatineau (partie du Québec / Quebec part),B,24505,24,Quebec / Québec,0,1,0,0,0,0,0,0,0,0,0
9330189.05,0189.05,933,Vancouver,B,59933,59,British Columbia / Colombie-Britannique,0,4,1,0,1,1,0,3,0,0,1
7050018.00,0018.00,705,Regina,B,47705,47,Saskatchewan,0,3,0,1,7,0,0,2,0,0,1
4620702.02,0702.02,462,Montréal,B,24462,24,Quebec / Québec,0,2,1,0,2,0,1,0,0,0,0
8100001.00,0001.00,810,Lethbridge,K,48810,48,Alberta,0,0,0,0,0,0,1,2,2,0,0
5950017.00,0017.00,595,Thunder Bay,B,35595,35,Ontario,0,0,0,0,4,0,0,0,0,0,0
6020044.00,0044.00,602,Winnipeg,B,46602,46,Manitoba,0,0,1,0,3,0,0,1,0,0,0
5350072.02,0072.02,535,Toronto,B,35535,35,Ontario,1,2,0,0,4,0,1,0,0,0,0
2050026.04,0026.04,205,Halifax,B,12205,12,Nova Scotia / Nouvelle-Écosse,0,0,0,0,0,1,0,1,0,0,0
5290106.00,0106.00,529,Peterborough,B,35529,35,Ontario,0,0,0,0,0,0,0,1,2,0,0
2050105.02,0105.02,205,Halifax,B,12205,12,Nova Scotia / Nouvelle-Écosse,0,1,0,0,1,0,0,0,0,0,0
5350576.05,0576.05,535,Toronto,B,35535,35,Ontario,0,1,1,0,0,0,0,0,0,0,0
4620417.02,0417.02,462,Montréal,B,24462,24,Quebec / Québec,0,0,0,0,1,0,0,0,0,0,0
9330402.04,0402.04,933,Vancouver,B,59933,59,British Columbia / Colombie-Britannique,0,0,0,0,0,0,0,0,0,0,0
6020009.00,0009.00,602,Winnipeg,B,46602,46,Manitoba,0,1,0,1,1,0,0,0,0,0,0
5050710.02,0710.02,505,Ottawa - Gatineau (partie du Québec / Quebec part),B,24505,24,Quebec / Québec,0,0,0,0,1,2,0,0,1,0,0
4210520.00,0520.00,421,Québec,B,24421,24,Quebec / Québec,0,0,0,0,0,0,0,0,1,0,0
8350090.15,0090.15,835,Edmonton,B,48835,48,Alberta,7,4,1,0,6,2,4,3,0,0,0
5050841.03,0841.03,505,Ottawa - Gatineau (partie du Québec / Quebec part),B,24505,24,Quebec / Québec,0,0,0,0,1,0,0,0,0,0,0
9330503.01,0503.01,933,Vancouver,B,59933,59,British Columbia / Colombie-Britannique,0,0,0,0,0,0,0,0,0,0,0
8350163.03,0163.03,835,Edmonton,B,48835,48,Alberta,1,6,1,0,9,0,5,1,2,0,0
9350002.00,0002.00,935,Victoria,B,59935,59,British Columbia / Colombie-Britannique,0,2,1,0,1,1,1,0,2,0,0
4620238.00,0238.00,462,Montréal,B,24462,24,Quebec / Québec,0,1,0,0,4,0,0,0,0,0,1
5390221.00,0221.00,539,St. Catharines - Niagara,B,35539,35,Ontario,0,1,0,0,3,0,0,0,0,0,0
4620641.02,0641.02,462,Montréal,B,24462,24,Quebec / Québec,0,1,0,0,1,0,0,0,0,0,0
5550150.00,0150.00,555,London,B,35555,35,Ontario,0,0,1,0,1,0,0,0,0,0,0
5050171.05,0171.05,505,Ottawa - Gatineau (Ontario part / partie de l'Ontario),B,35505,35,Ontario,0,0,0,0,0,0,0,0,0,0,0
5350528.15,0528.15,535,Toronto,B,35535,35,Ontario,0,0,0,0,0,0,0,0,0,0,0
9250015.00,0015.00,925,Kamloops,K,59925,59,British Columbia / Colombie-Britannique,0,0,1,0,2,0,0,0,0,0,0
5550006.04,0006.04,555,London,B,35555,35,Ontario,0,0,0,0,0,0,0,0,1,0,0
7250022.00,0022.00,725,Saskatoon,B,47725,47,Saskatchewan,0,0,0,0,0,0,0,0,0,0,0
4620612.00,0612.00,462,Montréal,B,24462,24,Quebec / Québec,0,0,0,0,4,2,0,0,0,0,0
5350424.10,0424.10,535,Toronto,B,35535,35,Ontario,0,0,0,0,0,0,0,0,0,0,0
4620583.00,0583.00,462,Montréal,B,24462,24,Quebec / Québec,0,0,3,0,3,1,0,0,0,0,0
8250038.03,0038.03,825,Calgary,B,48825,48,Alberta,2,1,0,0,0,0,0,0,0,0,0
9320103.00,0103.00,932,Abbotsford - Mission,B,59932,59,British Columbia / Colombie-Britannique,0,4,0,1,8,3,2,0,2,0,0
5370072.04,0072.04,537,Hamilton,B,35537,35,Ontario,0,1,0,0,0,0,0,0,0,0,0
4080107.02,0107.02,408,Saguenay,B,24408,24,Quebec / Québec,0,0,1,0,0,0,0,0,0,0,0
5350402.10,0402.10,535,Toronto,B,35535,35,Ontario,0,1,0,0,0,0,0,0,0,0,0
5350572.09,0572.09,535,Toronto,B,35535,35,Ontario,0,0,0,0,1,0,0,0,0,0,0
5350519.00,0519.00,535,Toronto,B,35535,35,Ontario,1,3,1,1,2,0,0,3,0,0,0
8250052.10,0052.10,825,Calgary,B,48825,48,Alberta,0,0,0,0,0,0,0,0,0,0,0
5350284.00,0284.00,535,Toronto,B,35535,35,Ontario,0,1,0,0,3,0,0,0,0,0,0
7250013.05,0013.05,725,Saskatoon,B,47725,47,Saskatchewan,0,1,0,0,1,0,1,0,0,0,0
5350280.00,0280.00,535,Toronto,B,35535,35,Ontario,0,5,1,0,4,1,0,2,0,0,1
5550002.02,0002.02,555,London,B,35555,35,Ontario,0,0,0,0,0,0,0,0,0,0,0
5390310.02,0310.02,539,St. Catharines - Niagara,B,35539,35,Ontario,0,0,0,0,0,0,1,0,0,0,0
4210835.06,0835.06,421,Québec,B,24421,24,Quebec / Québec,0,1,0,0,0,0,0,0,0,0,0
8250038.22,0038.22,825,Calgary,B,48825,48,Alberta,0,1,0,0,1,2,2,0,0,0,0
5350637.00,0637.00,535,Toronto,B,35535,35,Ontario,0,1,0,0,3,0,0,0,2,0,0
4620522.01,0522.01,462,Montréal,B,24462,24,Quebec / Québec,0,0,0,0,0,0,0,0,0,0,0
5050012.00,0012.00,505,Ottawa - Gatineau (Ontario part / partie de l'Ontario),B,35505,35,Ontario,0,0,1,0,5,0,1,0,0,0,0
5350314.01,0314.01,535,Toronto,B,35535,35,Ontario,1,1,0,0,1,1,0,1,0,0,0
5350450.03,0450.03,535,Toronto,B,35535,35,Ontario,2,2,3,1,4,0,2,0,0,0,0
4590005.00,0005.00,459,Saint-Jean-sur-Richelieu,K,24459,24,Quebec / Québec,0,1,0,0,3,0,0,0,0,0,0
5290009.04,0009.04,529,Peterborough,B,35529,35,Ontario,0,0,1,0,1,0,0,1,0,0,0
3050010.01,0010.01,305,Moncton,B,13305,13,New Brunswick / Nouveau-Brunswick,0,1,0,0,4,1,0,0,0,0,1
9330504.06,0504.06,933,Vancouver,B,59933,59,British Columbia / Colombie-Britannique,0,0,0,0,1,1,1,0,2,0,0
5350411.07,0411.07,535,Toronto,B,35535,35,Ontario,1,2,0,0,0,0,0,1,0,0,0
0010009.00,0009.00,001,St. John's,B,10001,10,Newfoundland and Labrador / Terre-Neuve-et-Labrador,0,3,0,0,1,0,0,0,5,0,0
0010017.00,0017.00,001,St. John's,B,10001,10,Newfoundland and Labrador / Terre-Neuve-et-Labrador,0,0,0,0,0,0,0,0,0,0,0
5220402.00,0402.00,522,Belleville,K,35522,35,Ontario,0,5,0,0,8,1,0,4,1,0,0
5290003.00,0003.00,529,Peterborough,B,35529,35,Ontario,0,1,2,2,8,0,1,1,5,1,0
9330144.04,0144.04,933,Vancouver,B,59933,59,British Columbia / Colombie-Britannique,0,1,1,0,0,0,0,0,0,0,0
8300008.02,0008.02,830,Red Deer,K,48830,48,Alberta,0,0,1,0,0,0,0,0,0,0,0
5370080.07,0080.07,537,Hamilton,B,35537,35,Ontario,0,0,0,0,0,0,0,0,0,0,0
8250076.15,0076.15,825,Calgary,B,48825,48,Alberta,0,0,0,0,0,0,0,0,0,0,0
6020023.00,0023.00,602,Winnipeg,B,46602,46,Manitoba,0,2,2,3,17,3,1,3,3,0,1
5370223.09,0223.09,537,Hamilton,B,35537,35,Ontario,0,0,0,0,0,0,0,0,0,0,0
4210840.02,0840.02,421,Québec,B,24421,24,Quebec / Québec,1,2,1,0,2,1,1,0,0,0,0
4620184.00,0184.00,462,Montréal,B,24462,24,Quebec / Québec,0,2,0,0,4,1,0,0,1,0,1
9330057.01,0057.01,933,Vancouver,B,59933,59,British Columbia / Colombie-Britannique,0,3,0,1,6,3,0,0,6,0,1
9330201.00,0201.00,933,Vancouver,B,59933,59,British Columbia / Colombie-Britannique,0,0,0,0,0,0,0,0,0,0,1
9150103.00,0103.00,915,Kelowna,B,59915,59,British Columbia / Colombie-Britannique,0,1,0,0,1,1,0,0,7,0,0
9330188.01,0188.01,933,Vancouver,B,59933,59,British Columbia / Colombie-Britannique,0,0,0,0,0,0,0,0,0,0,0
8250050.11,0050.11,825,Calgary,B,48825,48,Alberta,1,1,0,0,0,0,1,0,0,0,0
5350411.22,0411.22,535,Toronto,B,35535,35,Ontario,1,1,0,0,0,0,1,1,0,0,0
4620656.03,0656.03,462,Montréal,B,24462,24,Quebec / Québec,0,0,0,0,0,0,0,1,0,0,0
7050100.12,0100.12,705,Regina,B,47705,47,Saskatchewan,0,1,0,0,1,0,0,0,0,0,0
4620631.00,0631.00,462,Montréal,B,24462,24,Quebec / Québec,0,0,0,0,3,1,1,0,1,0,0
9330501.01,0501.01,933,Vancouver,B,59933,59,British Columbia / Colombie-Britannique,3,0,1,0,3,1,0,0,3,0,0
8350026.01,0026.01,835,Edmonton,B,48835,48,Alberta,6,0,0,0,1,0,0,0,0,0,0
5550110.02,0110.02,555,London,B,35555,35,Ontario,1,2,0,0,4,0,3,2,2,0,0
4420013.03,0013.03,442,Trois-Rivières,B,24442,24,Quebec / Québec,0,0,0,0,1,1,1,0,0,0,0
9330205.02,0205.02,933,Vancouver,B,59933,59,British Columbia / Colombie-Britannique,0,6,1,0,6,1,1,1,0,0,0
7050012.00,0012.00,705,Regina,B,47705,47,Saskatchewan,0,8,0,0,6,1,0,0,2,0,1
5430014.02,0014.02,543,Brantford,B,35543,35,Ontario,0,0,1,1,2,1,2,2,0,0,1
8100005.00,0005.00,810,Lethbridge,K,48810,48,Alberta,2,0,1,0,1,1,0,0,8,0,0
4620540.00,0540.00,462,Montréal,B,24462,24,Quebec / Québec,0,3,2,0,2,3,1,1,0,0,0
4620210.00,0210.00,462,Montréal,B,24462,24,Quebec / Québec,0,0,2,0,4,1,0,0,0,0,0
5680015.01,0015.01,568,Barrie,B,35568,35,Ontario,2,1,0,0,0,1,0,0,1,1,0
8250002.06,0002.06,825,Calgary,B,48825,48,Alberta,0,2,0,0,0,0,1,0,0,0,0
5350320.01,0320.01,535,Toronto,B,35535,35,Ontario,0,0,0,0,2,0,0,0,0,0,0
9330404.01,0404.01,933,Vancouver,B,59933,59,British Columbia / Colombie-Britannique,0,0,0,1,1,0,0,0,0,0,0
4330010.00,0010.00,433,Sherbrooke,B,24433,24,Quebec / Québec,0,2,2,1,9,3,1,1,1,0,0
8250038.08,0038.08,825,Calgary,B,48825,48,Alberta,0,1,0,0,2,1,2,1,0,0,1
4620882.00,0882.00,462,Montréal,B,24462,24,Quebec / Québec,0,1,0,0,3,0,0,1,0,0,0
9350154.01,0154.01,935,Victoria,B,59935,59,British Columbia / Colombie-Britannique,0,0,0,0,1,0,0,1,1,0,0
6020500.07,0500.07,602,Winnipeg,B,46602,46,Manitoba,0,0,0,0,0,0,0,0,0,0,0
8350078.17,0078.17,835,Edmonton,B,48835,48,Alberta,0,1,0,0,1,0,0,0,0,0,0
4620199.00,0199.00,462,Montréal,B,24462,24,Quebec / Québec,0,0,0,0,0,0,0,0,0,0,1
5350031.00,0031.00,535,Toronto,B,35535,35,Ontario,0,0,0,0,2,0,1,0,0,0,0
0010202.05,0202.05,001,St. John's,B,10001,10,Newfoundland and Labrador / Terre-Neuve-et-Labrador,0,3,0,1,1,0,1,1,1,0,0
5350249.01,0249.01,535,Toronto,B,35535,35,Ontario,0,0,0,0,0,0,0,0,0,0,1
8350111.00,0111.00,835,Edmonton,B,48835,48,Alberta,4,4,2,0,6,1,1,0,1,0,1
9320200.00,0200.00,932,Abbotsford - Mission,B,59932,59,British Columbia / Colombie-Britannique,0,6,1,2,14,4,2,2,4,1,1
0010013.00,0013.00,001,St. John's,B,10001,10,Newfoundland and Labrador / Terre-Neuve-et-Labrador,1,1,0,1,4,0,0,0,0,0,0
4620661.04,0661.04,462,Montréal,B,24462,24,Quebec / Québec,0,1,0,0,3,1,0,0,0,0,0
4620647.01,0647.01,462,Montréal,B,24462,24,Quebec / Québec,0,1,0,0,2,0,0,1,0,0,0
5350507.00,0507.00,535,Toronto,B,35535,35,Ontario,1,3,0,0,0,0,0,0,0,0,0
4210016.00,0016.00,421,Québec,B,24421,24,Quebec / Québec,2,8,1,3,7,9,1,2,47,0,0
5550046.00,0046.00,555,London,B,35555,35,Ontario,0,0,0,0,0,0,0,1,0,0,1
5900007.00,0007.00,590,Sault Ste. Marie,K,35590,35,Ontario,0,1,0,0,2,2,0,0,0,0,0
0010202.01,0202.01,001,St. John's,B,10001,10,Newfoundland and Labrador / Terre-Neuve-et-Labrador,0,0,0,0,1,0,0,0,0,0,0
9330111.02,0111.02,933,Vancouver,B,59933,59,British Columbia / Colombie-Britannique,0,1,1,0,0,0,1,0,0,0,0
8250066.01,0066.01,825,Calgary,B,48825,48,Alberta,4,0,0,0,5,0,0,0,2,0,0
5370120.02,0120.02,537,Hamilton,B,35537,35,Ontario,0,0,0,0,1,0,0,0,2,0,0
9330016.05,0016.05,933,Vancouver,B,59933,59,British Columbia / Colombie-Britannique,0,1,0,0,4,0,0,2,2,0,1
4620119.00,0119.00,462,Montréal,B,24462,24,Quebec / Québec,0,0,0,0,7,0,1,0,0,0,0
5410101.04,0101.04,541,Kitchener - Cambridge - Waterloo,B,35541,35,Ontario,0,1,1,0,0,0,0,0,0,0,0
8350104.17,0104.17,835,Edmonton,B,48835,48,Alberta,2,1,2,1,3,1,5,0,5,0,1
9330162.03,0162.03,933,Vancouver,B,59933,59,British Columbia / Colombie-Britannique,0,4,1,1,1,1,1,1,0,0,1
5370217.01,0217.01,537,Hamilton,B,35537,35,Ontario,1,1,3,0,3,0,0,1,0,0,0
4330012.00,0012.00,433,Sherbrooke,B,24433,24,Quebec / Québec,0,19,4,4,14,8,0,1,1,1,0
2050123.02,0123.02,205,Halifax,B,12205,12,Nova Scotia / Nouvelle-Écosse,0,3,0,0,2,1,2,2,2,0,0
5800002.00,0002.00,580,Greater Sudbury / Grand Sudbury,B,35580,35,Ontario,1,1,1,0,3,0,0,0,4,0,0
5350014.00,0014.00,535,Toronto,B,35535,35,Ontario,0,80,2,3,28,2,0,28,10,0,0
5370037.00,0037.00,537,Hamilton,B,35537,35,Ontario,0,7,3,1,9,5,1,3,2,0,0
9380001.01,0001.01,938,Nanaimo,K,59938,59,British Columbia / Colombie-Britannique,0,1,0,0,7,1,0,0,1,0,0
9330005.00,0005.00,933,Vancouver,B,59933,59,British Columbia / Colombie-Britannique,0,2,0,1,6,2,1,3,1,0,1
5350307.03,0307.03,535,Toronto,B,35535,35,Ontario,0,4,0,0,1,0,1,0,0,0,0
5350576.46,0576.46,535,Toronto,B,35535,35,Ontario,0,1,0,0,0,0,0,0,0,0,0
5680001.05,0001.05,568,Barrie,B,35568,35,Ontario,0,0,0,0,0,0,2,0,0,0,0
4620193.00,0193.00,462,Montréal,B,24462,24,Quebec / Québec,0,0,0,0,0,0,1,0,0,0,0
4620515.03,0515.03,462,Montréal,B,24462,24,Quebec / Québec,0,1,0,0,0,0,0,0,0,0,0
4210003.00,0003.00,421,Québec,B,24421,24,Quebec / Québec,0,4,3,1,6,0,0,0,4,0,0
4620782.00,0782.00,462,Montréal,B,24462,24,Quebec / Québec,1,7,5,0,4,0,1,0,1,0,0
8350090.09,0090.09,835,Edmonton,B,48835,48,Alberta,1,0,1,0,2,0,0,0,0,0,0
9330059.09,0059.09,933,Vancouver,B,59933,59,British Columbia / Colombie-Britannique,0,4,0,1,7,7,1,2,13,0,1
7050021.00,0021.00,705,Regina,B,47705,47,Saskatchewan,0,0,0,0,2,0,0,0,0,0,0
4620647.02,0647.02,462,Montréal,B,24462,24,Quebec / Québec,0,2,3,0,4,0,0,2,1,0,0
9150105.01,0105.01,915,Kelowna,B,59915,59,British Columbia / Colombie-Britannique,0,3,0,0,3,1,1,0,6,0,0
4620831.05,0831.05,462,Montréal,B,24462,24,Quebec / Québec,0,1,1,0,0,0,1,1,0,0,0
5350372.00,0372.00,535,Toronto,B,35535,35,Ontario,0,0,0,0,1,0,0,0,0,0,0
5320008.06,0008.06,532,Oshawa,B,35532,35,Ontario,0,0,0,0,0,0,0,0,0,0,0
5750001.00,0001.00,575,North Bay,K,35575,35,Ontario,0,0,0,0,1,2,0,0,3,0,0
5410126.09,0126.09,541,Kitchener - Cambridge - Waterloo,B,35541,35,Ontario,0,0,0,0,1,0,0,0,1,0,0
9330149.07,0149.07,933,Vancouver,B,59933,59,British Columbia / Colombie-Britannique,0,0,0,0,0,0,0,0,0,0,0
8350001.02,0001.02,835,Edmonton,B,48835,48,Alberta,1,0,0,0,0,1,3,1,1,0,1
8350104.15,0104.15,835,Edmonton,B,48835,48,Alberta,0,0,0,0,0,0,0,0,0,0,0
5410140.02,0140.02,541,Kitchener - Cambridge - Waterloo,B,35541,35,Ontario,0,2,1,0,0,0,0,0,0,0,0
8350002.01,0002.01,835,Edmonton,B,48835,48,Alberta,0,1,1,0,0,0,1,0,0,0,0
5370016.00,0016.00,537,Hamilton,B,35537,35,Ontario,0,0,0,0,1,0,0,0,0,0,0
4620858.04,0858.04,462,Montréal,B,24462,24,Quebec / Québec,0,1,0,0,0,0,0,0,0,0,0
8350068.01,0068.01,835,Edmonton,B,48835,48,Alberta,1,0,0,0,0,0,0,0,0,0,0
5750100.00,0100.00,575,North Bay,K,35575,35,Ontario,1,1,0,1,5,0,2,0,8,0,0
5620110.03,0110.03,562,Sarnia,K,35562,35,Ontario,0,1,0,0,2,0,1,0,1,0,0
5550044.01,0044.01,555,London,B,35555,35,Ontario,0,0,0,1,2,0,0,0,1,0,0
5050140.04,0140.04,505,Ottawa - Gatineau (Ontario part / partie de l'Ontario),B,35505,35,Ontario,0,0,0,0,1,0,0,0,0,0,0
5350572.07,0572.07,535,Toronto,B,35535,35,Ontario,0,0,0,0,0,0,0,0,0,0,0
5350631.02,0631.02,535,Toronto,B,35535,35,Ontario,0,0,0,0,0,0,0,0,0,0,0
9330144.05,0144.05,933,Vancouver,B,59933,59,British Columbia / Colombie-Britannique,0,0,0,0,1,0,0,0,0,0,0
5050001.05,0001.05,505,Ottawa - Gatineau (Ontario part / partie de l'Ontario),B,35505,35,Ontario,0,1,0,0,3,1,0,0,0,0,0
4420101.03,0101.03,442,Trois-Rivières,B,24442,24,Quebec / Québec,0,1,0,0,3,0,0,0,0,0,0
9330140.03,0140.03,933,Vancouver,B,59933,59,British Columbia / Colombie-Britannique,0,2,1,0,5,1,2,2,4,0,0
2050023.00,0023.00,205,Halifax,B,12205,12,Nova Scotia / Nouvelle-Écosse,1,2,0,0,6,0,0,1,0,0,1
9350125.01,0125.01,935,Victoria,B,59935,59,British Columbia / Colombie-Britannique,2,5,1,0,2,0,1,1,1,0,0
8250076.12,0076.12,825,Calgary,B,48825,48,Alberta,0,0,0,0,2,1,4,0,1,0,0
7250021.03,0021.03,725,Saskatoon,B,47725,47,Saskatchewan,0,0,1,0,1,0,1,0,0,0,0
5350032.00,0032.00,535,Toronto,B,35535,35,Ontario,2,8,1,1,12,4,1,0,12,2,0
9330187.13,0187.13,933,Vancouver,B,59933,59,British Columbia / Colombie-Britannique,0,0,0,0,0,0,1,1,0,0,1
4620708.01,0708.01,462,Montréal,B,24462,24,Quebec / Québec,0,2,0,1,1,1,0,0,0,0,0
5390213.00,0213.00,539,St. Catharines - Niagara,B,35539,35,Ontario,0,0,0,0,0,0,0,0,1,0,0
5350316.01,0316.01,535,Toronto,B,35535,35,Ontario,0,0,0,1,1,0,0,0,3,0,0
5350010.02,0010.02,535,Toronto,B,35535,35,Ontario,0,0,1,1,8,3,1,2,0,1,0
8350022.00,0022.00,835,Edmonton,B,48835,48,Alberta,2,6,0,2,6,5,2,0,2,0,0
5320204.00,0204.00,532,Oshawa,B,35532,35,Ontario,2,1,0,0,5,0,2,2,1,0,0
4330402.00,0402.00,433,Sherbrooke,B,24433,24,Quebec / Québec,0,1,0,1,0,0,0,0,11,0,0
5370039.00,0039.00,537,Hamilton,B,35537,35,Ontario,0,0,2,0,2,0,0,0,0,0,0
5390209.04,0209.04,539,St. Catharines - Niagara,B,35539,35,Ontario,0,0,1,0,0,0,0,0,11,0,0
0010300.00,0300.00,001,St. John's,B,10001,10,Newfoundland and Labrador / Terre-Neuve-et-Labrador,0,1,0,0,1,1,0,0,0,0,0
7250102.02,0102.02,725,Saskatoon,B,47725,47,Saskatchewan,3,3,1,0,1,0,0,0,1,0,0
5350128.04,0128.04,535,Toronto,B,35535,35,Ontario,0,9,1,0,8,1,0,0,0,0,0
5590028.00,0028.00,559,Windsor,B,35559,35,Ontario,0,1,0,0,1,1,1,0,0,0,0
9380011.00,0011.00,938,Nanaimo,K,59938,59,British Columbia / Colombie-Britannique,0,5,2,0,9,3,1,3,0,1,2
5390212.00,0212.00,539,St. Catharines - Niagara,B,35539,35,Ontario,0,0,0,0,0,0,1,0,0,0,0
9350150.02,0150.02,935,Victoria,B,59935,59,British Columbia / Colombie-Britannique,1,3,0,0,0,1,1,0,0,0,0
5350452.07,0452.07,535,Toronto,B,35535,35,Ontario,0,0,0,0,0,0,0,0,0,0,0
4620102.00,0102.00,462,Montréal,B,24462,24,Quebec / Québec,0,0,0,0,2,0,0,0,0,0,0
3100007.00,0007.00,310,Saint John,B,13310,13,New Brunswick / Nouveau-Brunswick,2,1,0,0,7,1,0,0,0,0,0
6020122.02,0122.02,602,Winnipeg,B,46602,46,Manitoba,0,0,0,0,0,0,0,0,0,0,0
5550027.05,0027.05,555,London,B,35555,35,Ontario,0,0,0,0,8,2,2,1,2,0,0
5390208.00,0208.00,539,St. Catharines - Niagara,B,35539,35,Ontario,0,5,0,0,5,0,1,1,0,0,0
8350031.00,0031.00,835,Edmonton,B,48835,48,Alberta,6,18,3,1,12,0,3,4,1,0,0
4620252.00,0252.00,462,Montréal,B,24462,24,Quebec / Québec,0,0,0,0,3,3,0,0,0,0,0
5350401.19,0401.19,535,Toronto,B,35535,35,Ontario,1,1,0,0,2,0,1,0,0,0,0
5950015.00,0015.00,595,Thunder Bay,B,35595,35,Ontario,2,13,0,2,10,2,1,1,3,0,0
5350516.29,0516.29,535,Toronto,B,35535,35,Ontario,0,0,0,0,0,0,0,0,0,0,0
4620291.04,0291.04,462,Montréal,B,24462,24,Quebec / Québec,1,0,0,0,1,0,0,0,0,0,0
2050121.06,0121.06,205,Halifax,B,12205,12,Nova Scotia / Nouvelle-Écosse,0,0,0,0,0,0,0,0,2,0,0
5590130.02,0130.02,559,Windsor,B,35559,35,Ontario,0,1,0,0,1,0,1,1,0,0,0
4210310.00,0310.00,421,Québec,B,24421,24,Quebec / Québec,1,0,2,0,2,1,0,0,1,1,0
5350803.04,0803.04,535,Toronto,B,35535,35,Ontario,0,0,0,0,1,0,0,1,0,0,0
5350473.01,0473.01,535,Toronto,B,35535,35,Ontario,1,2,1,1,1,0,1,1,0,1,0
8250001.37,0001.37,825,Calgary,B,48825,48,Alberta,0,1,1,0,0,0,2,0,0,0,0
5210011.01,0011.01,521,Kingston,B,35521,35,Ontario,0,2,0,0,7,0,0,0,1,0,2
5350528.11,0528.11,535,Toronto,B,35535,35,Ontario,0,2,0,0,0,0,0,0,1,0,0
5350378.20,0378.20,535,Toronto,B,35535,35,Ontario,0,0,0,0,0,0,0,0,0,0,0
4620828.04,0828.04,462,Montréal,B,24462,24,Quebec / Québec,0,3,0,1,1,1,0,0,0,0,0
4620188.02,0188.02,462,Montréal,B,24462,24,Quebec / Québec,0,3,0,1,1,0,0,0,0,0,0
4620684.09,0684.09,462,Montréal,B,24462,24,Quebec / Québec,1,0,1,0,2,0,0,0,0,0,0
4620682.04,0682.04,462,Montréal,B,24462,24,Quebec / Québec,0,0,1,0,0,2,0,0,0,0,0
5550009.01,0009.01,555,London,B,35555,35,Ontario,0,1,0,0,0,0,0,0,0,0,0
9300015.00,0015.00,930,Chilliwack,K,59930,59,British Columbia / Colombie-Britannique,0,0,0,1,0,0,0,0,1,0,0
5370300.00,0300.00,537,Hamilton,B,35537,35,Ontario,0,0,0,0,0,0,0,0,0,0,0
4620433.00,0433.00,462,Montréal,B,24462,24,Quebec / Québec,0,2,0,0,4,1,1,0,10,0,0
6020025.00,0025.00,602,Winnipeg,B,46602,46,Manitoba,1,6,1,3,17,3,1,1,7,0,2
5320203.02,0203.02,532,Oshawa,B,35532,35,Ontario,0,0,2,0,0,0,0,0,0,0,0
4620876.01,0876.01,462,Montréal,B,24462,24,Quebec / Québec,0,0,1,0,2,0,0,0,0,0,0
8250050.09,0050.09,825,Calgary,B,48825,48,Alberta,0,0,0,0,0,2,3,0,0,0,0
7050100.14,0100.14,705,Regina,B,47705,47,Saskatchewan,0,0,0,0,0,0,0,0,0,0,0
5350376.14,0376.14,535,Toronto,B,35535,35,Ontario,0,0,0,0,0,0,0,0,0,0,0
4210230.01,0230.01,421,Québec,B,24421,24,Quebec / Québec,0,1,0,0,0,1,0,0,0,0,0
4620071.00,0071.00,462,Montréal,B,24462,24,Quebec / Québec,0,0,0,0,0,0,0,0,0,0,0
9330006.01,0006.01,933,Vancouver,B,59933,59,British Columbia / Colombie-Britannique,0,0,2,0,3,0,0,0,1,0,0
5590010.00,0010.00,559,Windsor,B,35559,35,Ontario,2,0,1,0,5,1,0,0,0,0,0
5350528.46,0528.46,535,Toronto,B,35535,35,Ontario,0,0,0,0,0,0,0,0,0,0,0
4620874.00,0874.00,462,Montréal,B,24462,24,Quebec / Québec,1,1,0,0,7,0,0,0,0,0,0
9330163.08,0163.08,933,Vancouver,B,59933,59,British Columbia / Colombie-Britannique,0,1,0,0,0,1,0,0,0,0,0
5350403.09,0403.09,535,Toronto,B,35535,35,Ontario,0,0,0,0,0,0,0,0,0,0,0
8250038.17,0038.17,825,Calgary,B,48825,48,Alberta,1,1,0,0,1,0,2,1,0,0,0
4620169.00,0169.00,462,Montréal,B,24462,24,Quebec / Québec,0,1,0,0,4,2,0,0,0,0,0
8250053.00,0053.00,825,Calgary,B,48825,48,Alberta,1,3,3,0,1,1,4,0,7,0,0
5350087.00,0087.00,535,Toronto,B,35535,35,Ontario,0,4,0,0,3,1,1,0,4,0,0
5350218.00,0218.00,535,Toronto,B,35535,35,Ontario,0,2,0,0,1,0,0,0,0,0,0
4620214.00,0214.00,462,Montréal,B,24462,24,Quebec / Québec,0,3,0,0,3,1,0,0,0,0,0
4620686.03,0686.03,462,Montréal,B,24462,24,Quebec / Québec,0,1,1,1,4,1,0,0,1,0,0
5390102.01,0102.01,539,St. Catharines - Niagara,B,35539,35,Ontario,1,0,0,1,6,0,0,0,2,0,0
3100130.02,0130.02,310,Saint John,B,13310,13,New Brunswick / Nouveau-Brunswick,0,0,0,0,1,0,0,0,0,0,0
8250017.06,0017.06,825,Calgary,B,48825,48,Alberta,0,0,2,0,0,0,0,0,0,0,0
9330292.03,0292.03,933,Vancouver,B,59933,59,British Columbia / Colombie-Britannique,0,0,0,0,0,1,1,1,0,0,1
5350400.19,0400.19,535,Toronto,B,35535,35,Ontario,2,1,1,0,0,0,0,0,0,0,0
6020102.03,0102.03,602,Winnipeg,B,46602,46,Manitoba,0,0,1,0,1,0,0,0,0,0,1
4330006.00,0006.00,433,Sherbrooke,B,24433,24,Quebec / Québec,0,0,0,0,2,2,0,0,1,1,0
5210111.02,0111.02,521,Kingston,B,35521,35,Ontario,0,0,1,1,2,0,0,0,0,0,0
4620904.04,0904.04,462,Montréal,B,24462,24,Quebec / Québec,0,0,1,0,0,0,0,0,0,0,0
4620192.00,0192.00,462,Montréal,B,24462,24,Quebec / Québec,0,0,3,0,2,0,0,0,0,0,0
5750013.00,0013.00,575,North Bay,K,35575,35,Ontario,2,1,0,0,1,0,0,1,3,0,0
2050143.01,0143.01,205,Halifax,B,12205,12,Nova Scotia / Nouvelle-Écosse,0,3,0,0,2,0,1,0,9,0,0
5350248.02,0248.02,535,Toronto,B,35535,35,Ontario,0,0,0,0,4,0,0,0,0,0,0
4620603.01,0603.01,462,Montréal,B,24462,24,Quebec / Québec,0,2,0,0,3,0,0,1,3,0,0
5370142.01,0142.01,537,Hamilton,B,35537,35,Ontario,0,0,0,0,2,0,0,0,1,0,0
5350222.02,0222.02,535,Toronto,B,35535,35,Ontario,1,3,1,0,3,0,0,0,0,0,0
5350516.30,0516.30,535,Toronto,B,35535,35,Ontario,0,1,0,0,1,0,1,0,0,0,0
8250050.13,0050.13,825,Calgary,B,48825,48,Alberta,0,0,0,0,1,0,0,0,0,0,0
8350065.01,0065.01,835,Edmonton,B,48835,48,Alberta,0,0,0,0,1,0,1,0,0,0,0
5550007.01,0007.01,555,London,B,35555,35,Ontario,0,1,1,0,5,0,0,0,0,0,0
4330015.02,0015.02,433,Sherbrooke,B,24433,24,Quebec / Québec,0,0,1,0,2,1,0,0,0,0,0
3200017.00,0017.00,320,Fredericton,K,13320,13,New Brunswick / Nouveau-Brunswick,0,2,0,0,1,0,0,0,0,0,0
9330163.05,0163.05,933,Vancouver,B,59933,59,British Columbia / Colombie-Britannique,0,1,0,0,1,1,1,1,0,0,1
5220302.00,0302.00,522,Belleville,K,35522,35,Ontario,0,1,0,1,1,0,0,0,2,0,0
9330188.04,0188.04,933,Vancouver,B,59933,59,British Columbia / Colombie-Britannique,0,0,0,0,2,0,0,0,1,0,0
4620099.00,0099.00,462,Montréal,B,24462,24,Quebec / Québec,1,1,2,0,3,0,0,0,0,0,0
5350095.00,0095.00,535,Toronto,B,35535,35,Ontario,0,1,0,1,4,0,0,1,0,0,0
5350523.00,0523.00,535,Toronto,B,35535,35,Ontario,0,0,0,0,0,0,2,0,0,0,0
4330401.00,0401.00,433,Sherbrooke,B,24433,24,Quebec / Québec,0,0,0,0,0,1,0,0,0,0,0
5750012.00,0012.00,575,North Bay,K,35575,35,Ontario,0,0,0,0,2,0,1,0,1,0,0
5370002.05,0002.05,537,Hamilton,B,35537,35,Ontario,0,0,1,0,0,0,0,0,0,0,0
9330035.01,0035.01,933,Vancouver,B,59933,59,British Columbia / Colombie-Britannique,0,0,0,0,0,0,0,0,0,0,0
5500003.00,0003.00,550,Guelph,B,35550,35,Ontario,0,2,1,0,3,0,0,0,0,0,0
9330260.10,0260.10,933,Vancouver,B,59933,59,British Columbia / Colombie-Britannique,0,2,0,0,0,0,0,0,0,0,0
4620010.00,0010.00,462,Montréal,B,24462,24,Quebec / Québec,0,0,0,0,1,2,0,0,0,0,0
5370009.00,0009.00,537,Hamilton,B,35537,35,Ontario,0,0,0,0,1,0,2,0,0,0,0
4330005.00,0005.00,433,Sherbrooke,B,24433,24,Quebec / Québec,0,0,3,0,5,2,0,0,1,0,0
4620681.00,0681.00,462,Montréal,B,24462,24,Quebec / Québec,0,6,3,1,2,3,2,0,0,0,0
2050004.02,0004.02,205,Halifax,B,12205,12,Nova Scotia / Nouvelle-Écosse,0,2,1,1,5,0,1,0,1,1,0
3100010.00,0010.00,310,Saint John,B,13310,13,New Brunswick / Nouveau-Brunswick,1,1,1,0,5,0,0,0,0,0,0
4620143.00,0143.00,462,Montréal,B,24462,24,Quebec / Québec,0,4,2,0,9,1,0,0,5,0,0
8350075.01,0075.01,835,Edmonton,B,48835,48,Alberta,0,0,0,0,0,0,0,0,0,0,0
8350121.04,0121.04,835,Edmonton,B,48835,48,Alberta,0,1,0,0,0,0,0,0,0,0,0
5680001.02,0001.02,568,Barrie,B,35568,35,Ontario,0,1,1,0,1,0,0,0,0,0,0
8250008.00,0008.00,825,Calgary,B,48825,48,Alberta,0,0,0,0,2,0,1,0,0,0,0
3200027.00,0027.00,320,Fredericton,K,13320,13,New Brunswick / Nouveau-Brunswick,0,0,0,1,0,0,0,0,0,0,0
5350305.01,0305.01,535,Toronto,B,35535,35,Ontario,0,6,1,0,1,0,0,0,0,0,0
5390205.00,0205.00,539,St. Catharines - Niagara,B,35539,35,Ontario,0,0,0,1,2,4,3,0,56,0,0
9330113.00,0113.00,933,Vancouver,B,59933,59,British Columbia / Colombie-Britannique,0,2,1,1,0,1,0,0,0,0,0
5220011.00,0011.00,522,Belleville,K,35522,35,Ontario,0,0,1,0,2,0,0,0,0,0,0
2050113.00,0113.00,205,Halifax,B,12205,12,Nova Scotia / Nouvelle-Écosse,0,1,0,0,3,0,0,0,1,0,0
4620326.03,0326.03,462,Montréal,B,24462,24,Quebec / Québec,0,1,0,0,0,2,0,0,0,0,0
4080130.00,0130.00,408,Saguenay,B,24408,24,Quebec / Québec,0,1,1,0,1,0,0,0,0,0,0
8250013.00,0013.00,825,Calgary,B,48825,48,Alberta,0,2,0,0,6,3,4,1,1,0,0
5550023.00,0023.00,555,London,B,35555,35,Ontario,2,3,1,0,7,1,2,2,2,0,0
9300017.02,0017.02,930,Chilliwack,K,59930,59,British Columbia / Colombie-Britannique,0,0,0,0,4,1,1,1,1,0,0
5350421.05,0421.05,535,Toronto,B,35535,35,Ontario,0,1,0,0,0,0,0,0,0,0,0
5350422.06,0422.06,535,Toronto,B,35535,35,Ontario,0,5,2,1,6,0,0,0,0,1,1
5350203.00,0203.00,535,Toronto,B,35535,35,Ontario,1,0,0,0,0,0,0,0,0,0,1
9330121.00,0121.00,933,Vancouver,B,59933,59,British Columbia / Colombie-Britannique,0,1,0,0,0,0,0,0,0,0,0
3200024.00,0024.00,320,Fredericton,K,13320,13,New Brunswick / Nouveau-Brunswick,0,1,0,0,2,0,0,0,0,0,0
6020016.00,0016.00,602,Winnipeg,B,46602,46,Manitoba,1,1,1,0,6,0,0,0,1,0,1
5370026.02,0026.02,537,Hamilton,B,35537,35,Ontario,1,1,0,0,0,0,0,0,0,0,0
5370072.03,0072.03,537,Hamilton,B,35537,35,Ontario,0,1,0,0,0,1,0,3,0,0,0
4620871.02,0871.02,462,Montréal,B,24462,24,Quebec / Québec,0,1,0,0,0,0,0,0,0,0,0
5350612.13,0612.13,535,Toronto,B,35535,35,Ontario,0,2,0,0,0,0,0,0,0,0,0
4420012.01,0012.01,442,Trois-Rivières,B,24442,24,Quebec / Québec,0,0,1,0,2,0,0,0,0,0,0
7250100.01,0100.01,725,Saskatoon,B,47725,47,Saskatchewan,0,0,0,0,1,0,0,0,0,0,0
5680002.00,0002.00,568,Barrie,B,35568,35,Ontario,0,3,1,2,3,1,0,1,0,0,0
5350049.00,0049.00,535,Toronto,B,35535,35,Ontario,2,0,0,0,0,0,0,0,2,0,0
5370220.00,0220.00,537,Hamilton,B,35537,35,Ontario,0,1,2,0,1,0,1,0,0,0,0
5350378.23,0378.23,535,Toronto,B,35535,35,Ontario,0,0,0,0,1,0,0,0,0,0,0
6020700.00,0700.00,602,Winnipeg,B,46602,46,Manitoba,0,0,1,0,4,0,1,1,4,0,0
9330287.09,0287.09,933,Vancouver,B,59933,59,British Columbia / Colombie-Britannique,0,2,0,0,0,0,1,0,0,0,0
4620170.00,0170.00,462,Montréal,B,24462,24,Quebec / Québec,0,3,0,0,1,5,0,0,0,0,0
3100102.00,0102.00,310,Saint John,B,13310,13,New Brunswick / Nouveau-Brunswick,0,0,0,0,0,0,0,0,0,0,0
4500200.00,0200.00,450,Granby,K,24450,24,Quebec / Québec,0,0,0,0,0,1,0,0,1,0,0
4620044.00,0044.00,462,Montréal,B,24462,24,Quebec / Québec,0,1,0,2,1,4,0,0,5,0,0
6020007.00,0007.00,602,Winnipeg,B,46602,46,Manitoba,0,0,0,1,5,0,0,0,0,0,0
5350516.20,0516.20,535,Toronto,B,35535,35,Ontario,0,1,0,0,0,0,0,0,0,0,0
2050004.01,0004.01,205,Halifax,B,12205,12,Nova Scotia / Nouvelle-Écosse,1,2,0,2,4,3,1,0,3,0,1
4330112.00,0112.00,433,Sherbrooke,B,24433,24,Quebec / Québec,0,1,0,0,0,2,0,0,0,0,0
4470100.00,0100.00,447,Drummondville,K,24447,24,Quebec / Québec,0,0,0,0,0,0,0,0,0,0,0
6020140.02,0140.02,602,Winnipeg,B,46602,46,Manitoba,0,0,0,0,0,0,0,0,1,0,0
5410002.02,0002.02,541,Kitchener - Cambridge - Waterloo,B,35541,35,Ontario,0,0,0,0,0,0,0,0,0,0,0
9330151.05,0151.05,933,Vancouver,B,59933,59,British Columbia / Colombie-Britannique,1,1,0,0,7,1,1,2,4,0,0
5410128.00,0128.00,541,Kitchener - Cambridge - Waterloo,B,35541,35,Ontario,0,8,0,2,1,2,2,0,1,0,0
9330163.04,0163.04,933,Vancouver,B,59933,59,British Columbia / Colombie-Britannique,0,0,1,0,1,0,0,0,0,0,0
8250052.06,0052.06,825,Calgary,B,48825,48,Alberta,1,1,1,0,0,0,0,0,0,0,0
4620054.00,0054.00,462,Montréal,B,24462,24,Quebec / Québec,1,5,0,0,8,0,0,0,7,0,0
5350357.02,0357.02,535,Toronto,B,35535,35,Ontario,0,0,0,0,2,0,0,0,0,0,0
5410003.00,0003.00,541,Kitchener - Cambridge - Waterloo,B,35541,35,Ontario,0,0,1,0,3,0,0,2,0,0,0
5350575.02,0575.02,535,Toronto,B,35535,35,Ontario,0,1,0,0,0,0,1,0,2,0,1
5350620.06,0620.06,535,Toronto,B,35535,35,Ontario,0,0,0,0,0,0,0,0,0,0,0
5350156.02,0156.02,535,Toronto,B,35535,35,Ontario,0,1,0,0,1,1,0,0,0,0,0
4620091.00,0091.00,462,Montréal,B,24462,24,Quebec / Québec,0,0,1,0,0,0,0,0,0,0,0
5350804.08,0804.08,535,Toronto,B,35535,35,Ontario,0,0,0,0,0,0,0,0,0,0,0
5350528.36,0528.36,535,Toronto,B,35535,35,Ontario,0,0,0,0,1,0,0,0,0,0,0
5350455.00,0455.00,535,Toronto,B,35535,35,Ontario,0,1,0,0,4,0,0,1,0,0,0
5050151.06,0151.06,505,Ottawa - Gatineau (Ontario part / partie de l'Ontario),B,35505,35,Ontario,0,0,0,0,1,0,0,0,1,0,0
9150009.02,0009.02,915,Kelowna,B,59915,59,British Columbia / Colombie-Britannique,0,2,3,0,2,0,0,0,3,0,0
9330188.06,0188.06,933,Vancouver,B,59933,59,British Columbia / Colombie-Britannique,0,0,0,0,0,0,0,0,0,0,0
5410014.02,0014.02,541,Kitchener - Cambridge - Waterloo,B,35541,35,Ontario,0,0,0,0,2,0,0,0,0,0,0
5350412.21,0412.21,535,Toronto,B,35535,35,Ontario,0,0,0,1,0,0,0,0,0,0,0
4620011.00,0011.00,462,Montréal,B,24462,24,Quebec / Québec,2,0,2,1,7,0,0,0,2,0,0
5410111.03,0111.03,541,Kitchener - Cambridge - Waterloo,B,35541,35,Ontario,0,0,2,0,3,0,0,0,0,0,0
9350155.02,0155.02,935,Victoria,B,59935,59,British Columbia / Colombie-Britannique,0,2,1,0,1,0,0,1,3,0,0
8350005.01,0005.01,835,Edmonton,B,48835,48,Alberta,0,0,0,0,1,0,0,0,0,0,0
5350364.01,0364.01,535,Toronto,B,35535,35,Ontario,2,0,0,0,0,0,0,0,0,0,0
9330057.02,0057.02,933,Vancouver,B,59933,59,British Columbia / Colombie-Britannique,0,5,1,2,14,2,2,4,5,1,0
5050054.00,0054.00,505,Ottawa - Gatineau (Ontario part / partie de l'Ontario),B,35505,35,Ontario,0,9,0,3,25,23,1,1,8,0,0
5680012.01,0012.01,568,Barrie,B,35568,35,Ontario,0,0,0,0,0,0,1,0,1,0,0
9330221.03,0221.03,933,Vancouver,B,59933,59,British Columbia / Colombie-Britannique,0,2,0,0,0,0,1,0,0,0,0
9350155.01,0155.01,935,Victoria,B,59935,59,British Columbia / Colombie-Britannique,0,2,0,0,0,0,0,0,0,0,0
3200025.00,0025.00,320,Fredericton,K,13320,13,New Brunswick / Nouveau-Brunswick,0,0,0,0,0,0,0,0,0,0,0
9330204.01,0204.01,933,Vancouver,B,59933,59,British Columbia / Colombie-Britannique,0,0,1,0,3,0,0,0,2,0,0
5350511.02,0511.02,535,Toronto,B,35535,35,Ontario,0,0,0,0,1,0,0,0,0,0,0
4620317.04,0317.04,462,Montréal,B,24462,24,Quebec / Québec,0,2,1,0,2,0,0,0,0,0,0
5350274.02,0274.02,535,Toronto,B,35535,35,Ontario,2,5,0,1,3,0,0,2,0,0,0
5350115.00,0115.00,535,Toronto,B,35535,35,Ontario,0,0,2,0,0,0,0,0,0,0,0
8250076.24,0076.24,825,Calgary,B,48825,48,Alberta,0,0,0,0,0,0,1,0,0,0,0
5350563.01,0563.01,535,Toronto,B,35535,35,Ontario,1,1,0,0,1,1,2,0,1,0,0
4620858.05,0858.05,462,Montréal,B,24462,24,Quebec / Québec,0,1,0,0,1,0,0,0,0,0,0
5350076.00,0076.00,535,Toronto,B,35535,35,Ontario,0,4,1,0,0,0,0,1,0,0,0
4620902.00,0902.00,462,Montréal,B,24462,24,Quebec / Québec,0,0,2,0,4,1,0,0,1,0,0
5350474.00,0474.00,535,Toronto,B,35535,35,Ontario,0,0,0,0,0,0,0,0,0,0,0
5050120.03,0120.03,505,Ottawa - Gatineau (Ontario part / partie de l'Ontario),B,35505,35,Ontario,0,0,0,0,1,0,0,0,0,0,0
4620223.02,0223.02,462,Montréal,B,24462,24,Quebec / Québec,0,1,0,0,0,0,0,0,0,0,0
9300007.00,0007.00,930,Chilliwack,K,59930,59,British Columbia / Colombie-Britannique,0,0,0,0,1,0,0,0,0,0,0
4620632.04,0632.04,462,Montréal,B,24462,24,Quebec / Québec,0,1,0,0,0,1,0,0,0,0,0
5350401.04,0401.04,535,Toronto,B,35535,35,Ontario,0,0,0,0,1,0,0,0,0,0,0
9380005.00,0005.00,938,Nanaimo,K,59938,59,British Columbia / Colombie-Britannique,0,3,3,0,2,1,2,4,1,0,1
5350169.01,0169.01,535,Toronto,B,35535,35,Ontario,0,3,0,0,1,2,0,4,0,0,0
5050027.00,0027.00,505,Ottawa - Gatineau (Ontario part / partie de l'Ontario),B,35505,35,Ontario,0,1,3,0,1,0,0,0,0,0,0
5350612.24,0612.24,535,Toronto,B,35535,35,Ontario,0,0,0,0,1,0,0,0,0,0,0
4620660.03,0660.03,462,Montréal,B,24462,24,Quebec / Québec,0,0,1,0,2,0,0,0,0,0,0
5050620.03,0620.03,505,Ottawa - Gatineau (partie du Québec / Quebec part),B,24505,24,Quebec / Québec,0,0,0,0,3,0,0,0,0,0,0
5350184.01,0184.01,535,Toronto,B,35535,35,Ontario,1,0,0,0,4,1,0,1,0,0,0
5350424.13,0424.13,535,Toronto,B,35535,35,Ontario,0,1,0,0,0,0,0,0,0,0,0
5370014.00,0014.00,537,Hamilton,B,35537,35,Ontario,0,1,0,0,0,0,1,0,0,0,0
5350528.47,0528.47,535,Toronto,B,35535,35,Ontario,0,0,0,0,0,0,0,0,0,0,0
9330018.02,0018.02,933,Vancouver,B,59933,59,British Columbia / Colombie-Britannique,0,0,0,0,3,1,0,0,1,0,0
5350573.06,0573.06,535,Toronto,B,35535,35,Ontario,0,0,0,0,0,0,0,0,0,0,0
8350007.01,0007.01,835,Edmonton,B,48835,48,Alberta,0,0,1,0,1,0,0,0,2,0,0
4620657.01,0657.01,462,Montréal,B,24462,24,Quebec / Québec,0,4,0,0,4,2,1,0,0,0,0
5350346.01,0346.01,535,Toronto,B,35535,35,Ontario,1,1,0,0,1,0,0,1,0,0,0
5350452.01,0452.01,535,Toronto,B,35535,35,Ontario,2,4,0,1,2,1,1,2,1,0,0
5050020.02,0020.02,505,Ottawa - Gatineau (Ontario part / partie de l'Ontario),B,35505,35,Ontario,0,0,0,0,1,0,0,0,0,0,0
4330004.00,0004.00,433,Sherbrooke,B,24433,24,Quebec / Québec,0,1,0,0,4,1,0,0,0,1,0
9330183.03,0183.03,933,Vancouver,B,59933,59,British Columbia / Colombie-Britannique,1,5,3,1,8,3,2,2,3,0,1
5350403.10,0403.10,535,Toronto,B,35535,35,Ontario,0,0,0,0,0,0,0,0,0,0,0
5680102.00,0102.00,568,Barrie,B,35568,35,Ontario,0,1,0,0,5,0,2,0,1,0,0
9330110.02,0110.02,933,Vancouver,B,59933,59,British Columbia / Colombie-Britannique,0,1,0,0,0,0,0,0,1,0,0
9330180.01,0180.01,933,Vancouver,B,59933,59,British Columbia / Colombie-Britannique,0,2,3,0,2,0,0,0,1,0,0
9330067.02,0067.02,933,Vancouver,B,59933,59,British Columbia / Colombie-Britannique,0,6,2,1,1,0,0,3,2,0,0
2050026.02,0026.02,205,Halifax,B,12205,12,Nova Scotia / Nouvelle-Écosse,0,0,0,0,2,0,0,1,1,0,0
9330190.04,0190.04,933,Vancouver,B,59933,59,British Columbia / Colombie-Britannique,0,1,0,0,3,0,0,0,0,0,1
5950012.00,0012.00,595,Thunder Bay,B,35595,35,Ontario,0,0,0,1,1,0,0,0,0,0,0
9350160.04,0160.04,935,Victoria,B,59935,59,British Columbia / Colombie-Britannique,0,0,0,0,1,0,0,0,1,0,0
4620113.00,0113.00,462,Montréal,B,24462,24,Quebec / Québec,0,4,2,1,7,3,1,2,0,0,1
5350516.02,0516.02,535,Toronto,B,35535,35,Ontario,0,0,0,0,1,0,0,0,1,0,0
4620452.00,0452.00,462,Montréal,B,24462,24,Quebec / Québec,2,1,2,0,1,0,0,1,1,0,0
5800010.00,0010.00,580,Greater Sudbury / Grand Sudbury,B,35580,35,Ontario,0,1,1,1,3,0,0,0,0,0,0
5590110.00,0110.00,559,Windsor,B,35559,35,Ontario,0,1,0,0,2,0,0,0,0,0,0
5410126.06,0126.06,541,Kitchener - Cambridge - Waterloo,B,35541,35,Ontario,0,0,0,0,4,1,0,0,0,0,0
9330228.03,0228.03,933,Vancouver,B,59933,59,British Columbia / Colombie-Britannique,1,4,1,0,1,0,0,1,1,0,0
7050100.10,0100.10,705,Regina,B,47705,47,Saskatchewan,0,0,0,0,1,0,0,0,0,0,0
5410008.04,0008.04,541,Kitchener - Cambridge - Waterloo,B,35541,35,Ontario,0,0,0,0,0,0,0,0,0,0,0
5500009.05,0009.05,550,Guelph,B,35550,35,Ontario,0,0,0,0,0,0,0,0,0,0,0
2050002.00,0002.00,205,Halifax,B,12205,12,Nova Scotia / Nouvelle-Écosse,0,1,0,0,3,0,0,0,0,0,1
5350036.00,0036.00,535,Toronto,B,35535,35,Ontario,0,12,0,3,13,5,0,0,4,0,0
4620316.00,0316.00,462,Montréal,B,24462,24,Quebec / Québec,2,0,0,0,0,0,0,0,0,0,0
5350339.00,0339.00,535,Toronto,B,35535,35,Ontario,0,3,0,0,2,1,0,1,0,0,0
5050137.02,0137.02,505,Ottawa - Gatineau (Ontario part / partie de l'Ontario),B,35505,35,Ontario,0,0,1,0,0,0,0,0,0,0,0
5620009.00,0009.00,562,Sarnia,K,35562,35,Ontario,0,5,3,0,5,0,0,1,0,0,0
4210311.02,0311.02,421,Québec,B,24421,24,Quebec / Québec,0,2,0,0,0,1,0,0,0,0,0
8250071.00,0071.00,825,Calgary,B,48825,48,Alberta,0,0,0,0,2,0,1,0,0,0,0
8250002.22,0002.22,825,Calgary,B,48825,48,Alberta,0,0,0,0,0,0,1,1,0,0,0
4620650.03,0650.03,462,Montréal,B,24462,24,Quebec / Québec,1,2,1,0,1,1,0,0,0,0,0
8350016.01,0016.01,835,Edmonton,B,48835,48,Alberta,1,6,1,2,9,1,3,6,0,0,0
7050100.02,0100.02,705,Regina,B,47705,47,Saskatchewan,0,0,0,0,0,0,0,1,0,0,0
5620013.00,0013.00,562,Sarnia,K,35562,35,Ontario,0,0,1,0,3,0,1,0,0,0,0
4620729.00,0729.00,462,Montréal,B,24462,24,Quebec / Québec,0,1,0,0,3,0,0,0,0,0,0
5350576.31,0576.31,535,Toronto,B,35535,35,Ontario,0,1,0,0,0,0,0,2,0,0,0
5350247.02,0247.02,535,Toronto,B,35535,35,Ontario,1,1,1,0,5,0,1,0,0,0,0
5390102.03,0102.03,539,St. Catharines - Niagara,B,35539,35,Ontario,0,0,0,0,0,0,0,0,0,0,0
5290102.02,0102.02,529,Peterborough,B,35529,35,Ontario,0,0,0,0,0,0,0,0,5,0,0
4620693.00,0693.00,462,Montréal,B,24462,24,Quebec / Québec,0,3,3,0,3,3,0,0,0,0,0
9330149.02,0149.02,933,Vancouver,B,59933,59,British Columbia / Colombie-Britannique,0,0,0,0,0,0,0,0,1,0,0
9330227.02,0227.02,933,Vancouver,B,59933,59,British Columbia / Colombie-Britannique,0,0,0,0,0,0,0,0,0,0,1
5350168.00,0168.00,535,Toronto,B,35535,35,Ontario,0,1,0,1,2,0,0,1,0,0,0
4080108.00,0108.00,408,Saguenay,B,24408,24,Quebec / Québec,0,2,4,1,7,5,0,0,3,0,0
5370038.00,0038.00,537,Hamilton,B,35537,35,Ontario,0,10,2,0,2,0,0,0,0,0,0
4620725.04,0725.04,462,Montréal,B,24462,24,Quebec / Québec,0,0,1,0,1,0,0,0,0,0,0
7250008.00,0008.00,725,Saskatoon,B,47725,47,Saskatchewan,0,37,1,6,18,10,2,6,11,0,0
4620324.01,0324.01,462,Montréal,B,24462,24,Quebec / Québec,0,0,0,0,3,1,0,0,0,0,0
4420100.01,0100.01,442,Trois-Rivières,B,24442,24,Quebec / Québec,0,1,4,0,8,1,1,1,3,0,0
4620691.00,0691.00,462,Montréal,B,24462,24,Quebec / Québec,0,1,2,0,3,1,0,0,0,0,0
5050503.00,0503.00,505,Ottawa - Gatineau (partie du Québec / Quebec part),B,24505,24,Quebec / Québec,1,2,0,0,4,0,0,0,0,0,1
9330209.00,0209.00,933,Vancouver,B,59933,59,British Columbia / Colombie-Britannique,2,0,0,0,1,1,0,0,1,0,0
5390019.00,0019.00,539,St. Catharines - Niagara,B,35539,35,Ontario,0,0,0,0,0,0,0,0,0,0,0
4620825.02,0825.02,462,Montréal,B,24462,24,Quebec / Québec,0,0,0,0,0,0,1,0,0,0,0
5410130.00,0130.00,541,Kitchener - Cambridge - Waterloo,B,35541,35,Ontario,0,0,1,0,1,0,0,1,0,1,0
5370005.01,0005.01,537,Hamilton,B,35537,35,Ontario,0,1,1,0,1,0,2,0,0,0,0
5350237.02,0237.02,535,Toronto,B,35535,35,Ontario,0,0,0,0,0,0,0,0,0,0,0
5620100.00,0100.00,562,Sarnia,K,35562,35,Ontario,0,4,0,0,3,1,2,0,5,0,0
9330287.11,0287.11,933,Vancouver,B,59933,59,British Columbia / Colombie-Britannique,0,1,0,0,0,0,1,1,1,1,0
5350402.12,0402.12,535,Toronto,B,35535,35,Ontario,1,9,0,1,3,2,0,3,9,0,0
5370001.08,0001.08,537,Hamilton,B,35537,35,Ontario,0,1,0,0,1,0,0,0,0,0,0
2050001.00,0001.00,205,Halifax,B,12205,12,Nova Scotia / Nouvelle-Écosse,0,0,0,0,1,0,0,0,0,0,0
8350070.00,0070.00,835,Edmonton,B,48835,48,Alberta,0,3,0,0,1,2,2,2,0,0,1
5050500.00,0500.00,505,Ottawa - Gatineau (partie du Québec / Quebec part),B,24505,24,Quebec / Québec,2,12,1,2,3,2,0,0,6,1,0
5350057.00,0057.00,535,Toronto,B,35535,35,Ontario,0,8,0,0,2,2,2,0,0,0,0
4620283.02,0283.02,462,Montréal,B,24462,24,Quebec / Québec,0,0,0,0,1,0,1,0,0,0,0
8250076.05,0076.05,825,Calgary,B,48825,48,Alberta,0,1,0,0,1,0,0,0,0,0,0
9350160.02,0160.02,935,Victoria,B,59935,59,British Columbia / Colombie-Britannique,2,1,2,1,3,1,2,0,4,0,0
5320105.13,0105.13,532,Oshawa,B,35532,35,Ontario,0,2,1,0,2,0,1,0,1,0,0
4620756.03,0756.03,462,Montréal,B,24462,24,Quebec / Québec,0,3,0,0,2,0,0,0,1,0,0
5350402.07,0402.07,535,Toronto,B,35535,35,Ontario,0,0,0,0,0,0,0,0,0,0,0
7050019.00,0019.00,705,Regina,B,47705,47,Saskatchewan,1,0,0,0,5,0,0,0,0,0,0
4210210.01,0210.01,421,Québec,B,24421,24,Quebec / Québec,0,0,0,0,0,1,0,0,0,0,0
5050905.00,0905.00,505,Ottawa - Gatineau (partie du Québec / Quebec part),B,24505,24,Quebec / Québec,0,0,0,0,0,2,0,0,0,0,0
8250002.16,0002.16,825,Calgary,B,48825,48,Alberta,0,2,0,0,0,0,2,1,0,0,0
5370058.00,0058.00,537,Hamilton,B,35537,35,Ontario,0,1,0,0,4,3,2,1,0,0,0
5350272.01,0272.01,535,Toronto,B,35535,35,Ontario,0,0,0,0,0,0,0,0,0,0,0
4210270.03,0270.03,421,Québec,B,24421,24,Quebec / Québec,1,0,5,0,0,0,0,0,0,0,0
5370130.03,0130.03,537,Hamilton,B,35537,35,Ontario,0,0,0,1,1,0,0,0,1,0,0
5410009.01,0009.01,541,Kitchener - Cambridge - Waterloo,B,35541,35,Ontario,0,0,1,0,2,0,1,0,0,0,1
9350007.00,0007.00,935,Victoria,B,59935,59,British Columbia / Colombie-Britannique,1,4,1,0,3,1,0,1,1,0,0
9150100.00,0100.00,915,Kelowna,B,59915,59,British Columbia / Colombie-Britannique,0,1,1,0,4,3,1,0,13,0,1
8350140.06,0140.06,835,Edmonton,B,48835,48,Alberta,3,0,0,0,4,0,0,0,1,0,0
3100100.01,0100.01,310,Saint John,B,13310,13,New Brunswick / Nouveau-Brunswick,1,1,0,0,1,0,1,0,2,0,0
9330239.00,0239.00,933,Vancouver,B,59933,59,British Columbia / Colombie-Britannique,0,1,0,0,4,0,0,1,0,0,0
4210340.02,0340.02,421,Québec,B,24421,24,Quebec / Québec,1,0,4,0,3,0,0,0,0,0,0
5350317.04,0317.04,535,Toronto,B,35535,35,Ontario,0,0,0,0,0,0,0,0,0,0,0
5350451.07,0451.07,535,Toronto,B,35535,35,Ontario,0,0,0,0,0,0,1,0,0,0,0
9330016.04,0016.04,933,Vancouver,B,59933,59,British Columbia / Colombie-Britannique,0,0,1,0,1,0,0,0,1,0,0
8350105.05,0105.05,835,Edmonton,B,48835,48,Alberta,0,0,0,1,1,0,0,0,0,0,0
5390209.06,0209.06,539,St. Catharines - Niagara,B,35539,35,Ontario,0,0,0,0,2,0,0,0,0,0,0
5350307.04,0307.04,535,Toronto,B,35535,35,Ontario,0,7,0,0,1,2,0,1,0,0,0
4620728.03,0728.03,462,Montréal,B,24462,24,Quebec / Québec,0,0,0,0,0,0,0,0,0,0,0
9700014.00,0014.00,970,Prince George,K,59970,59,British Columbia / Colombie-Britannique,0,1,0,0,1,0,1,0,0,0,1
4620218.00,0218.00,462,Montréal,B,24462,24,Quebec / Québec,0,5,0,0,5,1,2,0,0,0,0
8350121.02,0121.02,835,Edmonton,B,48835,48,Alberta,1,0,0,0,2,0,0,1,0,0,0
5350483.01,0483.01,535,Toronto,B,35535,35,Ontario,0,1,0,0,3,0,2,0,3,0,0
5350005.00,0005.00,535,Toronto,B,35535,35,Ontario,0,1,1,0,4,1,0,0,0,0,2
9150010.02,0010.02,915,Kelowna,B,59915,59,British Columbia / Colombie-Britannique,0,0,1,0,1,0,0,0,8,0,0
5350359.00,0359.00,535,Toronto,B,35535,35,Ontario,0,4,1,0,3,0,1,2,4,0,2
5410103.00,0103.00,541,Kitchener - Cambridge - Waterloo,B,35541,35,Ontario,0,3,1,0,2,0,0,0,0,0,0
4620514.01,0514.01,462,Montréal,B,24462,24,Quebec / Québec,0,1,1,0,1,0,0,0,1,0,1
5350572.08,0572.08,535,Toronto,B,35535,35,Ontario,0,0,0,0,0,1,0,0,0,0,0
4620223.01,0223.01,462,Montréal,B,24462,24,Quebec / Québec,0,0,0,0,0,1,0,0,0,0,0
4620290.02,0290.02,462,Montréal,B,24462,24,Quebec / Québec,0,2,1,0,1,1,0,0,0,0,0
5350138.00,0138.00,535,Toronto,B,35535,35,Ontario,0,1,0,0,2,0,0,0,0,0,0
4620677.07,0677.07,462,Montréal,B,24462,24,Quebec / Québec,0,1,0,0,0,0,0,0,0,0,0
8350006.16,0006.16,835,Edmonton,B,48835,48,Alberta,0,1,1,0,1,1,2,2,3,0,0
5370204.00,0204.00,537,Hamilton,B,35537,35,Ontario,0,0,1,0,1,0,0,0,0,0,0
8250015.00,0015.00,825,Calgary,B,48825,48,Alberta,0,2,1,0,4,0,0,0,0,0,0
4620230.00,0230.00,462,Montréal,B,24462,24,Quebec / Québec,0,0,0,0,2,0,0,0,0,0,0
8250076.20,0076.20,825,Calgary,B,48825,48,Alberta,0,0,0,0,0,0,2,0,0,0,0
5350403.14,0403.14,535,Toronto,B,35535,35,Ontario,0,0,1,0,0,0,0,0,0,0,0
8350090.03,0090.03,835,Edmonton,B,48835,48,Alberta,1,0,0,0,0,0,0,0,1,0,0
5350243.02,0243.02,535,Toronto,B,35535,35,Ontario,0,1,0,0,0,0,0,0,2,0,0
5350402.13,0402.13,535,Toronto,B,35535,35,Ontario,0,1,0,0,0,0,0,0,0,0,0
4620677.08,0677.08,462,Montréal,B,24462,24,Quebec / Québec,0,0,0,0,0,0,0,1,0,0,0
4620173.00,0173.00,462,Montréal,B,24462,24,Quebec / Québec,0,1,0,0,0,0,1,0,0,0,0
5350612.18,0612.18,535,Toronto,B,35535,35,Ontario,0,0,0,0,0,0,0,0,0,0,0
4620677.02,0677.02,462,Montréal,B,24462,24,Quebec / Québec,0,0,3,0,5,3,0,0,0,0,0
5350281.01,0281.01,535,Toronto,B,35535,35,Ontario,0,0,0,0,1,1,0,0,1,0,0
4620827.03,0827.03,462,Montréal,B,24462,24,Quebec / Québec,0,1,0,0,0,0,0,0,0,0,0
4620128.00,0128.00,462,Montréal,B,24462,24,Quebec / Québec,5,4,0,1,3,0,0,0,4,0,0
4620290.08,0290.08,462,Montréal,B,24462,24,Quebec / Québec,0,1,0,1,1,0,0,0,0,0,0
4420201.00,0201.00,442,Trois-Rivières,B,24442,24,Quebec / Québec,0,0,2,0,6,1,1,0,1,0,0
5210108.00,0108.00,521,Kingston,B,35521,35,Ontario,0,0,0,0,0,0,0,0,1,0,0
4620001.00,0001.00,462,Montréal,B,24462,24,Quebec / Québec,0,0,1,0,1,0,0,0,0,0,1
8250076.14,0076.14,825,Calgary,B,48825,48,Alberta,0,0,0,0,0,0,1,0,1,0,0
9700021.00,0021.00,970,Prince George,K,59970,59,British Columbia / Colombie-Britannique,0,0,0,0,0,0,0,0,4,0,0
9330003.02,0003.02,933,Vancouver,B,59933,59,British Columbia / Colombie-Britannique,1,0,0,0,1,0,0,0,2,0,1
9330059.08,0059.08,933,Vancouver,B,59933,59,British Columbia / Colombie-Britannique,1,15,1,1,4,2,1,5,4,0,0
4620451.00,0451.00,462,Montréal,B,24462,24,Quebec / Québec,0,1,3,0,4,3,2,0,1,0,0
5680200.00,0200.00,568,Barrie,B,35568,35,Ontario,0,2,0,0,3,0,0,0,0,0,0
5390202.00,0202.00,539,St. Catharines - Niagara,B,35539,35,Ontario,1,0,0,0,1,0,0,0,2,0,0
9320006.00,0006.00,932,Abbotsford - Mission,B,59932,59,British Columbia / Colombie-Britannique,0,23,0,0,6,3,2,8,2,0,1
4620112.02,0112.02,462,Montréal,B,24462,24,Quebec / Québec,0,1,4,0,3,1,0,0,0,0,0
5050033.01,0033.01,505,Ottawa - Gatineau (Ontario part / partie de l'Ontario),B,35505,35,Ontario,0,4,3,1,6,0,0,1,0,0,1
6020102.04,0102.04,602,Winnipeg,B,46602,46,Manitoba,0,0,3,0,2,0,0,0,0,0,0
5900101.00,0101.00,590,Sault Ste. Marie,K,35590,35,Ontario,0,0,0,0,1,0,1,0,1,0,0
4620461.00,0461.00,462,Montréal,B,24462,24,Quebec / Québec,0,1,1,0,2,0,0,1,1,0,0
5950023.02,0023.02,595,Thunder Bay,B,35595,35,Ontario,0,0,0,0,3,0,0,0,3,0,0
8250038.11,0038.11,825,Calgary,B,48825,48,Alberta,0,0,0,0,0,0,1,0,0,0,0
9330200.00,0200.00,933,Vancouver,B,59933,59,British Columbia / Colombie-Britannique,0,0,0,0,2,0,2,0,1,0,0
4620076.00,0076.00,462,Montréal,B,24462,24,Quebec / Québec,1,0,0,0,5,1,0,0,0,0,0
4620453.01,0453.01,462,Montréal,B,24462,24,Quebec / Québec,0,0,1,0,0,0,0,0,0,0,0
4620114.00,0114.00,462,Montréal,B,24462,24,Quebec / Québec,0,0,0,0,1,0,0,0,0,0,0
5350228.00,0228.00,535,Toronto,B,35535,35,Ontario,0,0,0,0,0,0,0,0,0,0,0
5350610.04,0610.04,535,Toronto,B,35535,35,Ontario,0,0,1,0,1,0,0,0,0,0,0
4620171.00,0171.00,462,Montréal,B,24462,24,Quebec / Québec,1,0,2,0,4,4,1,0,0,1,0
5430200.00,0200.00,543,Brantford,B,35543,35,Ontario,0,0,0,0,0,0,0,0,0,0,0
4620750.04,0750.04,462,Montréal,B,24462,24,Quebec / Québec,0,0,1,0,1,1,0,0,0,0,0
6020114.00,0114.00,602,Winnipeg,B,46602,46,Manitoba,0,1,0,0,10,0,1,0,1,0,1
9350121.01,0121.01,935,Victoria,B,59935,59,British Columbia / Colombie-Britannique,0,1,2,0,2,0,4,0,0,0,0
5550044.06,0044.06,555,London,B,35555,35,Ontario,0,1,0,0,0,0,0,0,0,0,0
4620515.02,0515.02,462,Montréal,B,24462,24,Quebec / Québec,0,0,0,0,1,0,0,0,0,0,0
4620802.00,0802.00,462,Montréal,B,24462,24,Quebec / Québec,0,0,0,0,2,0,0,0,1,0,0
5350206.01,0206.01,535,Toronto,B,35535,35,Ontario,0,2,1,0,5,0,0,1,1,0,0
8250077.29,0077.29,825,Calgary,B,48825,48,Alberta,1,0,0,0,0,0,2,0,0,0,0
9330224.01,0224.01,933,Vancouver,B,59933,59,British Columbia / Colombie-Britannique,1,0,2,0,1,1,0,0,0,0,1
4620419.00,0419.00,462,Montréal,B,24462,24,Quebec / Québec,0,0,0,0,2,0,0,0,0,0,0
8300016.01,0016.01,830,Red Deer,K,48830,48,Alberta,2,0,0,3,3,0,1,2,2,0,0
5350137.00,0137.00,535,Toronto,B,35535,35,Ontario,0,10,0,0,1,1,1,0,0,0,1
5350612.19,0612.19,535,Toronto,B,35535,35,Ontario,0,0,0,0,1,0,0,0,0,0,0
5210100.01,0100.01,521,Kingston,B,35521,35,Ontario,0,0,0,0,0,0,0,0,0,0,0
5350572.10,0572.10,535,Toronto,B,35535,35,Ontario,0,0,0,1,0,0,0,0,0,0,0
3050102.02,0102.02,305,Moncton,B,13305,13,New Brunswick / Nouveau-Brunswick,0,1,1,0,2,0,0,1,1,0,0
4620181.00,0181.00,462,Montréal,B,24462,24,Quebec / Québec,0,0,0,0,3,2,2,0,0,0,0
5350529.01,0529.01,535,Toronto,B,35535,35,Ontario,0,7,0,0,0,0,0,0,0,0,0
4620107.00,0107.00,462,Montréal,B,24462,24,Quebec / Québec,0,0,0,0,6,0,0,0,0,0,0
4620103.00,0103.00,462,Montréal,B,24462,24,Quebec / Québec,0,1,0,0,2,0,0,0,0,0,0
9350133.00,0133.00,935,Victoria,B,59935,59,British Columbia / Colombie-Britannique,0,1,1,0,4,1,1,1,3,0,1
9320008.03,0008.03,932,Abbotsford - Mission,B,59932,59,British Columbia / Colombie-Britannique,0,0,0,0,0,0,0,0,1,0,0
4620857.06,0857.06,462,Montréal,B,24462,24,Quebec / Québec,1,1,2,0,1,0,0,0,0,0,0
8250050.01,0050.01,825,Calgary,B,48825,48,Alberta,1,0,1,0,5,1,0,0,0,0,0
8350039.00,0039.00,835,Edmonton,B,48835,48,Alberta,0,3,1,0,3,1,3,0,2,0,0
4620791.00,0791.00,462,Montréal,B,24462,24,Quebec / Québec,0,2,0,0,1,0,0,0,0,0,0
4620903.04,0903.04,462,Montréal,B,24462,24,Quebec / Québec,0,2,0,0,5,3,0,0,0,0,0
4210030.00,0030.00,421,Québec,B,24421,24,Quebec / Québec,2,0,4,0,8,2,0,0,1,1,0
5350127.00,0127.00,535,Toronto,B,35535,35,Ontario,0,8,0,2,4,1,2,0,1,0,0
9250020.00,0020.00,925,Kamloops,K,59925,59,British Columbia / Colombie-Britannique,0,0,1,0,0,1,0,0,1,0,0
5350162.00,0162.00,535,Toronto,B,35535,35,Ontario,0,1,1,0,0,1,0,0,0,0,0
9330504.11,0504.11,933,Vancouver,B,59933,59,British Columbia / Colombie-Britannique,0,1,0,0,1,0,0,0,1,0,0
5050110.00,0110.00,505,Ottawa - Gatineau (Ontario part / partie de l'Ontario),B,35505,35,Ontario,0,1,0,0,0,0,0,0,0,0,0
4620035.00,0035.00,462,Montréal,B,24462,24,Quebec / Québec,0,2,0,0,4,0,0,0,0,0,0
8250020.00,0020.00,825,Calgary,B,48825,48,Alberta,0,2,1,0,2,0,1,1,1,0,0
8250036.01,0036.01,825,Calgary,B,48825,48,Alberta,0,0,0,0,1,0,2,0,0,0,1
5350141.01,0141.01,535,Toronto,B,35535,35,Ontario,1,2,0,1,2,0,0,1,2,0,0
4620191.00,0191.00,462,Montréal,B,24462,24,Quebec / Québec,1,3,1,0,4,2,1,0,0,0,0
5350370.01,0370.01,535,Toronto,B,35535,35,Ontario,0,0,0,0,2,0,1,3,0,0,1
8050009.00,0009.00,805,Medicine Hat,K,48805,48,Alberta,2,18,1,1,30,6,3,3,7,1,2
8250066.02,0066.02,825,Calgary,B,48825,48,Alberta,1,4,1,0,3,0,1,0,1,0,0
5350421.07,0421.07,535,Toronto,B,35535,35,Ontario,0,1,0,0,0,0,0,0,0,0,0
5430005.00,0005.00,543,Brantford,B,35543,35,Ontario,2,1,1,1,7,2,0,1,0,0,0
9330064.00,0064.00,933,Vancouver,B,59933,59,British Columbia / Colombie-Britannique,2,3,0,0,2,3,0,0,1,0,1
5320011.00,0011.00,532,Oshawa,B,35532,35,Ontario,3,0,1,0,0,0,0,0,0,0,0
5350526.02,0526.02,535,Toronto,B,35535,35,Ontario,0,0,0,0,0,0,0,0,0,0,0
5370072.01,0072.01,537,Hamilton,B,35537,35,Ontario,0,0,1,0,3,0,0,1,2,0,0
4080133.00,0133.00,408,Saguenay,B,24408,24,Quebec / Québec,0,2,1,0,2,1,1,0,1,0,0
5350027.00,0027.00,535,Toronto,B,35535,35,Ontario,0,3,2,0,3,0,1,0,1,0,0
5350249.05,0249.05,535,Toronto,B,35535,35,Ontario,0,3,0,0,1,0,1,0,0,0,0
4620826.06,0826.06,462,Montréal,B,24462,24,Quebec / Québec,0,0,0,0,1,0,0,0,0,0,0
8350104.22,0104.22,835,Edmonton,B,48835,48,Alberta,0,0,0,0,0,0,0,0,0,0,0
5410014.03,0014.03,541,Kitchener - Cambridge - Waterloo,B,35541,35,Ontario,0,2,0,0,1,0,0,0,3,0,0
4620807.02,0807.02,462,Montréal,B,24462,24,Quebec / Québec,0,0,0,0,1,0,0,0,0,0,0
4620028.00,0028.00,462,Montréal,B,24462,24,Quebec / Québec,0,1,0,0,0,0,0,0,0,0,0
5210011.02,0011.02,521,Kingston,B,35521,35,Ontario,0,0,0,0,1,0,0,0,1,0,0
5350804.13,0804.13,535,Toronto,B,35535,35,Ontario,0,1,0,0,0,1,0,1,0,0,0
5350358.03,0358.03,535,Toronto,B,35535,35,Ontario,0,3,0,0,3,0,0,2,1,0,0
9700012.00,0012.00,970,Prince George,K,59970,59,British Columbia / Colombie-Britannique,2,32,1,0,27,7,1,8,13,0,0
2050131.02,0131.02,205,Halifax,B,12205,12,Nova Scotia / Nouvelle-Écosse,0,1,0,0,2,1,1,2,1,0,1
3100006.00,0006.00,310,Saint John,B,13310,13,New Brunswick / Nouveau-Brunswick,0,2,0,0,2,0,1,2,1,0,1
4210040.03,0040.03,421,Québec,B,24421,24,Quebec / Québec,0,0,1,0,1,0,0,0,0,0,0
5220004.00,0004.00,522,Belleville,K,35522,35,Ontario,1,4,2,0,7,0,0,0,4,0,1
5350085.00,0085.00,535,Toronto,B,35535,35,Ontario,0,5,0,0,8,1,0,0,0,0,1
4620082.00,0082.00,462,Montréal,B,24462,24,Quebec / Québec,0,0,0,0,1,0,0,0,0,0,0
8350075.07,0075.07,835,Edmonton,B,48835,48,Alberta,0,0,1,0,0,0,1,2,0,0,0
5350352.00,0352.00,535,Toronto,B,35535,35,Ontario,0,0,1,0,0,0,0,0,0,0,0
5050023.01,0023.01,505,Ottawa - Gatineau (Ontario part / partie de l'Ontario),B,35505,35,Ontario,0,0,0,0,1,0,0,0,0,0,0
9250006.01,0006.01,925,Kamloops,K,59925,59,British Columbia / Colombie-Britannique,0,0,1,0,0,0,0,0,2,0,0
5350450.05,0450.05,535,Toronto,B,35535,35,Ontario,1,2,0,0,0,0,0,0,0,0,0
4620790.00,0790.00,462,Montréal,B,24462,24,Quebec / Québec,0,2,1,0,2,1,0,1,0,0,0
4620638.02,0638.02,462,Montréal,B,24462,24,Quebec / Québec,0,3,2,0,4,1,0,1,0,0,0
8350075.05,0075.05,835,Edmonton,B,48835,48,Alberta,2,1,0,0,1,1,1,1,0,0,0
5350401.22,0401.22,535,Toronto,B,35535,35,Ontario,0,3,2,0,0,0,1,0,0,0,0
5350239.00,0239.00,535,Toronto,B,35535,35,Ontario,0,0,2,0,0,0,2,0,0,0,0
4080168.00,0168.00,408,Saguenay,B,24408,24,Quebec / Québec,0,0,1,0,1,0,0,0,0,0,0
4210320.02,0320.02,421,Québec,B,24421,24,Quebec / Québec,0,1,0,0,2,1,1,0,1,0,0
5050841.04,0841.04,505,Ottawa - Gatineau (partie du Québec / Quebec part),B,24505,24,Quebec / Québec,0,0,1,0,0,1,0,0,0,0,0
9330290.05,0290.05,933,Vancouver,B,59933,59,British Columbia / Colombie-Britannique,0,0,0,0,0,1,1,0,0,0,0
5410127.02,0127.02,541,Kitchener - Cambridge - Waterloo,B,35541,35,Ontario,0,2,1,0,4,0,0,0,2,0,0
2050153.00,0153.00,205,Halifax,B,12205,12,Nova Scotia / Nouvelle-Écosse,2,2,2,0,5,0,1,1,3,0,0
9330401.02,0401.02,933,Vancouver,B,59933,59,British Columbia / Colombie-Britannique,2,13,6,2,14,2,2,2,1,0,1
9350014.01,0014.01,935,Victoria,B,59935,59,British Columbia / Colombie-Britannique,0,1,1,0,2,0,0,0,1,0,0
5350802.01,0802.01,535,Toronto,B,35535,35,Ontario,0,0,0,0,0,1,0,0,0,0,0
8350090.08,0090.08,835,Edmonton,B,48835,48,Alberta,0,1,0,0,0,0,0,0,0,0,0
5350038.00,0038.00,535,Toronto,B,35535,35,Ontario,1,4,0,0,13,5,0,1,2,0,1
3050003.04,0003.04,305,Moncton,B,13305,13,New Brunswick / Nouveau-Brunswick,0,0,0,0,0,0,0,2,1,0,0
4620689.03,0689.03,462,Montréal,B,24462,24,Quebec / Québec,0,1,0,0,1,1,1,0,0,0,0
5350804.12,0804.12,535,Toronto,B,35535,35,Ontario,0,0,0,0,0,0,0,0,0,0,0
4620139.00,0139.00,462,Montréal,B,24462,24,Quebec / Québec,0,1,1,0,3,4,0,0,1,0,0
4620660.01,0660.01,462,Montréal,B,24462,24,Quebec / Québec,0,0,0,0,2,1,0,0,0,0,0
5370050.00,0050.00,537,Hamilton,B,35537,35,Ontario,1,1,3,1,14,3,0,2,0,0,1
8250206.02,0206.02,825,Calgary,B,48825,48,Alberta,1,2,0,1,2,0,4,2,4,0,0
8250002.09,0002.09,825,Calgary,B,48825,48,Alberta,0,0,0,0,0,0,0,0,0,0,0
9330059.07,0059.07,933,Vancouver,B,59933,59,British Columbia / Colombie-Britannique,1,4,0,0,2,0,0,0,1,0,0
8350078.09,0078.09,835,Edmonton,B,48835,48,Alberta,0,1,0,0,0,1,0,0,0,0,0
5350410.05,0410.05,535,Toronto,B,35535,35,Ontario,0,0,0,0,0,0,0,0,0,1,0
4620017.00,0017.00,462,Montréal,B,24462,24,Quebec / Québec,0,0,0,1,2,0,0,0,0,0,0
4620884.01,0884.01,462,Montréal,B,24462,24,Quebec / Québec,0,5,0,0,4,1,1,1,1,0,0
4210160.02,0160.02,421,Québec,B,24421,24,Quebec / Québec,2,4,5,1,16,1,1,1,2,0,0
5370084.02,0084.02,537,Hamilton,B,35537,35,Ontario,0,0,0,0,0,0,0,1,1,0,0
9300027.00,0027.00,930,Chilliwack,K,59930,59,British Columbia / Colombie-Britannique,0,0,0,0,0,0,0,0,0,0,0
8350162.01,0162.01,835,Edmonton,B,48835,48,Alberta,2,3,1,0,5,0,3,1,2,0,0
2050154.00,0154.00,205,Halifax,B,12205,12,Nova Scotia / Nouvelle-Écosse,2,0,0,0,3,0,1,0,2,0,0
4620278.00,0278.00,462,Montréal,B,24462,24,Quebec / Québec,0,2,1,0,1,1,0,1,0,0,1
4620421.01,0421.01,462,Montréal,B,24462,24,Quebec / Québec,0,0,1,0,0,0,0,0,0,0,0
9330140.04,0140.04,933,Vancouver,B,59933,59,British Columbia / Colombie-Britannique,0,0,0,0,0,0,0,0,0,0,0
4620644.00,0644.00,462,Montréal,B,24462,24,Quebec / Québec,1,0,0,0,0,0,0,0,0,0,0
5410101.02,0101.02,541,Kitchener - Cambridge - Waterloo,B,35541,35,Ontario,0,1,0,0,1,0,0,0,0,0,0
4620134.00,0134.00,462,Montréal,B,24462,24,Quebec / Québec,0,1,0,0,1,1,0,0,3,1,0
5350260.03,0260.03,535,Toronto,B,35535,35,Ontario,0,3,0,0,2,0,0,1,0,0,0
9150102.06,0102.06,915,Kelowna,B,59915,59,British Columbia / Colombie-Britannique,1,5,2,0,5,2,2,1,5,0,0
5320201.02,0201.02,532,Oshawa,B,35532,35,Ontario,0,0,0,0,1,0,1,0,1,0,0
5050504.04,0504.04,505,Ottawa - Gatineau (partie du Québec / Quebec part),B,24505,24,Quebec / Québec,0,1,0,0,0,0,0,0,0,0,0
6020038.00,0038.00,602,Winnipeg,B,46602,46,Manitoba,0,1,0,0,2,0,0,0,1,0,0
4420006.00,0006.00,442,Trois-Rivières,B,24442,24,Quebec / Québec,0,0,0,0,1,0,0,0,0,0,0
2050026.05,0026.05,205,Halifax,B,12205,12,Nova Scotia / Nouvelle-Écosse,0,0,1,0,0,0,0,0,1,0,0
5350376.04,0376.04,535,Toronto,B,35535,35,Ontario,0,6,1,1,5,0,0,0,0,0,0
6020104.00,0104.00,602,Winnipeg,B,46602,46,Manitoba,0,4,0,0,2,0,0,1,1,0,0
4620805.00,0805.00,462,Montréal,B,24462,24,Quebec / Québec,1,2,3,0,3,3,1,0,0,0,0
5220406.00,0406.00,522,Belleville,K,35522,35,Ontario,0,0,0,0,0,0,0,0,0,0,0
9330160.01,0160.01,933,Vancouver,B,59933,59,British Columbia / Colombie-Britannique,0,1,0,0,1,0,0,0,0,0,0
5590171.00,0171.00,559,Windsor,B,35559,35,Ontario,1,0,1,0,3,0,0,0,1,0,0
5350528.25,0528.25,535,Toronto,B,35535,35,Ontario,0,1,1,0,2,0,1,1,0,0,0
5350088.00,0088.00,535,Toronto,B,35535,35,Ontario,0,7,0,0,0,0,1,2,3,0,0
9150102.04,0102.04,915,Kelowna,B,59915,59,British Columbia / Colombie-Britannique,0,1,0,0,6,0,1,0,0,0,0
8350010.00,0010.00,835,Edmonton,B,48835,48,Alberta,1,0,0,0,3,0,0,0,0,0,0
5350810.02,0810.02,535,Toronto,B,35535,35,Ontario,0,0,0,0,0,0,0,0,0,0,0
5390006.00,0006.00,539,St. Catharines - Niagara,B,35539,35,Ontario,0,1,0,0,0,0,0,0,0,0,0
5500010.01,0010.01,550,Guelph,B,35550,35,Ontario,0,3,0,0,3,0,0,0,1,0,0
4620887.05,0887.05,462,Montréal,B,24462,24,Quebec / Québec,0,3,0,0,0,0,1,0,2,0,0
8250077.13,0077.13,825,Calgary,B,48825,48,Alberta,0,0,0,0,1,0,1,0,1,0,0
5350576.47,0576.47,535,Toronto,B,35535,35,Ontario,0,0,0,0,0,0,0,1,0,0,0
4620240.00,0240.00,462,Montréal,B,24462,24,Quebec / Québec,0,0,1,2,3,1,0,0,0,0,0
4620887.04,0887.04,462,Montréal,B,24462,24,Quebec / Québec,0,3,0,0,3,0,0,0,0,0,0
9320012.01,0012.01,932,Abbotsford - Mission,B,59932,59,British Columbia / Colombie-Britannique,0,0,1,0,0,0,0,0,0,0,0
7250015.00,0015.00,725,Saskatoon,B,47725,47,Saskatchewan,2,2,0,0,12,3,0,0,6,0,0
8300011.00,0011.00,830,Red Deer,K,48830,48,Alberta,1,1,0,0,1,0,0,0,0,0,0
8250024.00,0024.00,825,Calgary,B,48825,48,Alberta,0,6,0,0,1,2,3,0,1,0,1
4620235.00,0235.00,462,Montréal,B,24462,24,Quebec / Québec,0,2,0,0,0,0,0,0,0,0,0
5590174.00,0174.00,559,Windsor,B,35559,35,Ontario,1,5,1,0,4,0,2,1,4,0,0
4330019.02,0019.02,433,Sherbrooke,B,24433,24,Quebec / Québec,0,2,0,0,0,0,0,0,0,0,0
9330059.11,0059.11,933,Vancouver,B,59933,59,British Columbia / Colombie-Britannique,0,76,1,8,33,24,2,19,28,2,0
4620046.00,0046.00,462,Montréal,B,24462,24,Quebec / Québec,0,0,0,0,2,0,0,0,1,1,1
5500001.07,0001.07,550,Guelph,B,35550,35,Ontario,0,1,0,1,2,0,0,1,1,0,0
8350120.02,0120.02,835,Edmonton,B,48835,48,Alberta,1,2,0,0,5,0,1,0,0,0,1
5350110.00,0110.00,535,Toronto,B,35535,35,Ontario,0,4,0,0,3,3,0,0,0,0,0
8250038.12,0038.12,825,Calgary,B,48825,48,Alberta,0,0,0,0,2,0,3,0,0,0,0
5350521.05,0521.05,535,Toronto,B,35535,35,Ontario,0,7,1,1,1,0,0,2,0,0,0
3050014.03,0014.03,305,Moncton,B,13305,13,New Brunswick / Nouveau-Brunswick,0,0,0,0,1,0,0,0,2,0,0
4620127.02,0127.02,462,Montréal,B,24462,24,Quebec / Québec,0,0,0,0,0,0,0,0,0,0,0
4080004.00,0004.00,408,Saguenay,B,24408,24,Quebec / Québec,0,1,3,0,7,0,0,1,2,1,0
5350331.01,0331.01,535,Toronto,B,35535,35,Ontario,0,0,0,1,0,0,0,1,0,0,0
2050016.00,0016.00,205,Halifax,B,12205,12,Nova Scotia / Nouvelle-Écosse,0,0,0,0,0,0,0,0,3,0,0
5350400.14,0400.14,535,Toronto,B,35535,35,Ontario,0,0,0,0,1,0,0,0,0,0,0
3050003.03,0003.03,305,Moncton,B,13305,13,New Brunswick / Nouveau-Brunswick,0,1,1,0,0,1,0,0,5,0,0
5370054.00,0054.00,537,Hamilton,B,35537,35,Ontario,0,1,1,1,2,2,0,1,0,0,1
8250038.05,0038.05,825,Calgary,B,48825,48,Alberta,0,0,0,0,1,0,1,0,0,0,0
5350136.02,0136.02,535,Toronto,B,35535,35,Ontario,2,10,0,1,8,3,0,4,2,0,0
4620632.03,0632.03,462,Montréal,B,24462,24,Quebec / Québec,1,0,2,1,0,2,0,0,2,0,0
4620734.04,0734.04,462,Montréal,B,24462,24,Quebec / Québec,0,0,1,0,0,0,0,0,0,0,0
7250013.02,0013.02,725,Saskatoon,B,47725,47,Saskatchewan,0,5,0,0,4,0,0,0,0,0,1
5370219.00,0219.00,537,Hamilton,B,35537,35,Ontario,0,0,0,0,0,0,0,0,0,0,0
8250032.00,0032.00,825,Calgary,B,48825,48,Alberta,0,4,1,0,11,4,2,3,3,0,0
4620302.00,0302.00,462,Montréal,B,24462,24,Quebec / Québec,0,0,0,0,1,0,0,0,0,0,1
5550008.00,0008.00,555,London,B,35555,35,Ontario,1,3,0,0,0,0,2,0,0,0,0
4620033.00,0033.00,462,Montréal,B,24462,24,Quebec / Québec,0,0,1,1,0,0,0,0,0,0,1
6020039.00,0039.00,602,Winnipeg,B,46602,46,Manitoba,0,1,0,2,0,0,0,0,1,0,0
4620687.03,0687.03,462,Montréal,B,24462,24,Quebec / Québec,0,0,0,1,0,1,0,0,0,0,0
9300031.00,0031.00,930,Chilliwack,K,59930,59,British Columbia / Colombie-Britannique,0,0,0,0,1,2,1,0,7,0,0
5370041.00,0041.00,537,Hamilton,B,35537,35,Ontario,0,2,0,1,4,0,1,1,0,0,0
5350401.06,0401.06,535,Toronto,B,35535,35,Ontario,0,1,0,0,0,1,0,0,1,0,0
8300015.00,0015.00,830,Red Deer,K,48830,48,Alberta,0,0,0,1,0,2,4,1,3,0,0
5410002.06,0002.06,541,Kitchener - Cambridge - Waterloo,B,35541,35,Ontario,0,0,0,0,0,0,0,0,0,0,0
5050131.02,0131.02,505,Ottawa - Gatineau (Ontario part / partie de l'Ontario),B,35505,35,Ontario,0,0,0,1,0,0,0,0,0,0,0
5550004.01,0004.01,555,London,B,35555,35,Ontario,1,2,0,1,0,0,0,2,1,0,0
5370004.01,0004.01,537,Hamilton,B,35537,35,Ontario,0,1,0,0,1,0,0,1,0,0,0
9330018.01,0018.01,933,Vancouver,B,59933,59,British Columbia / Colombie-Britannique,0,2,0,0,1,0,0,0,0,0,1
4210040.04,0040.04,421,Québec,B,24421,24,Quebec / Québec,0,2,2,1,3,0,0,2,2,0,0
4620190.02,0190.02,462,Montréal,B,24462,24,Quebec / Québec,1,1,2,0,3,0,0,0,0,0,0
5050850.00,0850.00,505,Ottawa - Gatineau (partie du Québec / Quebec part),B,24505,24,Quebec / Québec,0,0,1,0,5,0,0,0,1,0,0
4620857.02,0857.02,462,Montréal,B,24462,24,Quebec / Québec,0,0,3,0,1,0,0,0,0,0,0
9330260.08,0260.08,933,Vancouver,B,59933,59,British Columbia / Colombie-Britannique,0,1,0,0,3,0,0,0,0,0,0
5550050.02,0050.02,555,London,B,35555,35,Ontario,0,0,0,0,1,0,1,0,0,0,0
4620148.00,0148.00,462,Montréal,B,24462,24,Quebec / Québec,0,2,1,1,3,1,0,0,0,0,0
6020100.05,0100.05,602,Winnipeg,B,46602,46,Manitoba,0,0,0,0,0,0,0,0,0,0,0
8250001.23,0001.23,825,Calgary,B,48825,48,Alberta,0,0,0,0,2,0,0,0,0,0,0
4620417.01,0417.01,462,Montréal,B,24462,24,Quebec / Québec,0,0,0,0,4,0,1,0,1,0,0
5350562.15,0562.15,535,Toronto,B,35535,35,Ontario,0,1,0,0,0,0,0,0,0,0,0
4620826.02,0826.02,462,Montréal,B,24462,24,Quebec / Québec,0,1,3,1,0,1,0,1,0,0,0
3100015.00,0015.00,310,Saint John,B,13310,13,New Brunswick / Nouveau-Brunswick,0,0,0,0,1,0,0,0,2,0,0
4620900.00,0900.00,462,Montréal,B,24462,24,Quebec / Québec,0,5,3,0,10,1,0,1,0,0,0
4620685.03,0685.03,462,Montréal,B,24462,24,Quebec / Québec,0,0,2,0,1,2,0,1,0,0,0
4620356.00,0356.00,462,Montréal,B,24462,24,Quebec / Québec,0,4,0,0,3,0,0,0,1,0,0
7050100.04,0100.04,705,Regina,B,47705,47,Saskatchewan,0,0,0,0,0,1,0,1,0,0,0
9330231.00,0231.00,933,Vancouver,B,59933,59,British Columbia / Colombie-Britannique,0,0,0,0,0,0,0,0,1,0,0
4620086.00,0086.00,462,Montréal,B,24462,24,Quebec / Québec,0,1,1,0,2,1,0,0,0,0,0
5350400.07,0400.07,535,Toronto,B,35535,35,Ontario,0,5,0,0,5,2,0,0,0,1,0
5680004.05,0004.05,568,Barrie,B,35568,35,Ontario,0,0,0,0,1,0,0,0,0,0,0
5350185.01,0185.01,535,Toronto,B,35535,35,Ontario,0,2,0,0,2,0,1,1,0,0,0
8350121.08,0121.08,835,Edmonton,B,48835,48,Alberta,0,0,0,0,0,0,0,0,0,0,0
6020500.04,0500.04,602,Winnipeg,B,46602,46,Manitoba,0,0,0,0,0,0,1,1,2,0,0
5350621.00,0621.00,535,Toronto,B,35535,35,Ontario,0,1,0,0,1,0,1,0,0,0,0
4620204.00,0204.00,462,Montréal,B,24462,24,Quebec / Québec,0,1,0,0,2,0,0,0,0,0,1
9320104.00,0104.00,932,Abbotsford - Mission,B,59932,59,British Columbia / Colombie-Britannique,0,0,0,0,1,1,1,1,1,0,0
5350134.00,0134.00,535,Toronto,B,35535,35,Ontario,0,3,0,0,0,0,0,0,0,0,0
5350263.04,0263.04,535,Toronto,B,35535,35,Ontario,1,2,0,0,3,0,0,0,1,0,0
5350340.00,0340.00,535,Toronto,B,35535,35,Ontario,0,0,0,0,1,0,0,0,0,0,0
9330056.02,0056.02,933,Vancouver,B,59933,59,British Columbia / Colombie-Britannique,0,2,0,0,8,1,0,0,1,0,1
5370027.00,0027.00,537,Hamilton,B,35537,35,Ontario,1,0,1,0,1,0,0,0,0,0,0
5950020.00,0020.00,595,Thunder Bay,B,35595,35,Ontario,1,0,0,0,0,0,0,0,0,0,0
5350804.01,0804.01,535,Toronto,B,35535,35,Ontario,0,0,0,0,0,0,0,0,0,0,0
4210845.02,0845.02,421,Québec,B,24421,24,Quebec / Québec,0,0,2,0,2,0,0,0,0,0,0
9330170.08,0170.08,933,Vancouver,B,59933,59,British Columbia / Colombie-Britannique,0,2,3,0,3,1,0,2,7,0,0
8350164.01,0164.01,835,Edmonton,B,48835,48,Alberta,0,0,0,0,0,0,0,1,0,0,0
4620395.01,0395.01,462,Montréal,B,24462,24,Quebec / Québec,0,0,0,0,2,1,1,1,2,0,0
5350612.05,0612.05,535,Toronto,B,35535,35,Ontario,0,3,4,0,0,0,0,1,0,0,0
5350528.35,0528.35,535,Toronto,B,35535,35,Ontario,3,18,1,1,20,5,3,8,13,1,0
5350562.05,0562.05,535,Toronto,B,35535,35,Ontario,0,0,0,0,0,0,0,0,0,0,0
5370018.00,0018.00,537,Hamilton,B,35537,35,Ontario,1,0,0,0,1,0,0,0,0,0,0
5590017.00,0017.00,559,Windsor,B,35559,35,Ontario,1,2,0,0,2,0,1,1,0,0,0
9330023.00,0023.00,933,Vancouver,B,59933,59,British Columbia / Colombie-Britannique,0,1,1,0,0,0,0,0,0,0,0
5350377.03,0377.03,535,Toronto,B,35535,35,Ontario,0,0,0,0,0,0,0,0,0,0,0
5350378.11,0378.11,535,Toronto,B,35535,35,Ontario,0,0,0,0,1,0,1,0,0,0,1
5350612.08,0612.08,535,Toronto,B,35535,35,Ontario,1,1,1,0,1,0,2,0,0,0,0
5350516.25,0516.25,535,Toronto,B,35535,35,Ontario,1,2,1,0,1,0,1,0,0,0,0
5350411.20,0411.20,535,Toronto,B,35535,35,Ontario,0,0,0,0,2,0,1,0,0,0,0
5350304.03,0304.03,535,Toronto,B,35535,35,Ontario,1,1,0,0,0,0,0,0,0,0,0
9350151.02,0151.02,935,Victoria,B,59935,59,British Columbia / Colombie-Britannique,0,6,2,0,6,1,3,3,0,0,0
9330047.02,0047.02,933,Vancouver,B,59933,59,British Columbia / Colombie-Britannique,0,3,0,1,1,0,0,1,3,0,1
4620614.00,0614.00,462,Montréal,B,24462,24,Quebec / Québec,0,3,4,0,1,1,0,0,0,0,0
5350576.10,0576.10,535,Toronto,B,35535,35,Ontario,0,0,1,0,2,0,1,0,0,0,0
4210038.01,0038.01,421,Québec,B,24421,24,Quebec / Québec,0,0,0,0,3,0,0,0,0,0,0
4620200.00,0200.00,462,Montréal,B,24462,24,Quebec / Québec,0,1,1,1,0,1,0,0,0,0,0
4620263.00,0263.00,462,Montréal,B,24462,24,Quebec / Québec,0,0,1,0,3,0,0,0,0,0,0
5550027.06,0027.06,555,London,B,35555,35,Ontario,0,0,0,0,0,0,0,0,0,0,0
8350090.02,0090.02,835,Edmonton,B,48835,48,Alberta,0,0,0,0,0,0,0,0,1,0,0
5390111.00,0111.00,539,St. Catharines - Niagara,B,35539,35,Ontario,1,1,0,0,3,0,2,0,7,0,0
4620101.02,0101.02,462,Montréal,B,24462,24,Quebec / Québec,1,0,2,0,1,0,0,0,0,0,0
5350412.13,0412.13,535,Toronto,B,35535,35,Ontario,1,5,0,0,3,0,3,0,0,0,0
0010202.04,0202.04,001,St. John's,B,10001,10,Newfoundland and Labrador / Terre-Neuve-et-Labrador,0,1,0,0,0,0,0,0,0,0,0
4620440.00,0440.00,462,Montréal,B,24462,24,Quebec / Québec,0,0,0,0,0,0,0,0,0,0,0
9330181.09,0181.09,933,Vancouver,B,59933,59,British Columbia / Colombie-Britannique,0,1,1,0,1,0,2,0,0,0,1
5430110.02,0110.02,543,Brantford,B,35543,35,Ontario,0,0,0,0,2,1,0,0,2,0,0
5350620.02,0620.02,535,Toronto,B,35535,35,Ontario,0,0,0,0,0,0,0,0,0,0,0
6020160.00,0160.00,602,Winnipeg,B,46602,46,Manitoba,0,0,0,0,0,0,0,0,1,0,0
4620659.05,0659.05,462,Montréal,B,24462,24,Quebec / Québec,0,1,0,0,1,0,0,0,0,0,0
5430007.00,0007.00,543,Brantford,B,35543,35,Ontario,0,0,3,0,4,1,1,1,0,0,0
5050504.01,0504.01,505,Ottawa - Gatineau (partie du Québec / Quebec part),B,24505,24,Quebec / Québec,1,3,0,0,7,0,0,0,2,0,0
2050132.04,0132.04,205,Halifax,B,12205,12,Nova Scotia / Nouvelle-Écosse,0,0,0,0,0,0,0,0,1,0,0
5290201.00,0201.00,529,Peterborough,B,35529,35,Ontario,0,2,1,0,4,1,1,0,1,0,0
5390003.01,0003.01,539,St. Catharines - Niagara,B,35539,35,Ontario,0,0,0,0,2,2,0,0,0,0,1
4470001.02,0001.02,447,Drummondville,K,24447,24,Quebec / Québec,0,0,2,0,0,0,0,0,1,0,0
8350090.11,0090.11,835,Edmonton,B,48835,48,Alberta,0,1,0,0,0,1,1,0,0,0,0
4620853.03,0853.03,462,Montréal,B,24462,24,Quebec / Québec,0,1,1,0,2,0,1,0,1,0,0
2050123.06,0123.06,205,Halifax,B,12205,12,Nova Scotia / Nouvelle-Écosse,0,0,0,0,1,1,0,0,0,0,0
5370065.00,0065.00,537,Hamilton,B,35537,35,Ontario,0,0,0,0,4,0,0,0,0,0,0
5350575.01,0575.01,535,Toronto,B,35535,35,Ontario,0,1,0,0,0,0,1,1,0,0,0
5350483.02,0483.02,535,Toronto,B,35535,35,Ontario,0,0,0,0,0,0,0,0,0,0,0
3100100.02,0100.02,310,Saint John,B,13310,13,New Brunswick / Nouveau-Brunswick,0,0,0,0,0,0,0,0,0,0,0
4620185.00,0185.00,462,Montréal,B,24462,24,Quebec / Québec,0,2,2,0,3,0,0,0,0,0,0
8250057.00,0057.00,825,Calgary,B,48825,48,Alberta,3,12,3,1,13,3,1,3,5,0,0
5350592.01,0592.01,535,Toronto,B,35535,35,Ontario,4,17,1,2,8,3,1,1,5,0,0
8350006.18,0006.18,835,Edmonton,B,48835,48,Alberta,1,0,0,0,1,0,0,0,0,0,0
4620320.00,0320.00,462,Montréal,B,24462,24,Quebec / Québec,0,1,1,0,0,0,0,0,0,0,0
3050007.00,0007.00,305,Moncton,B,13305,13,New Brunswick / Nouveau-Brunswick,1,4,1,0,16,2,1,2,2,0,0
5220200.00,0200.00,522,Belleville,K,35522,35,Ontario,0,0,0,1,1,0,0,0,1,0,0
5350056.00,0056.00,535,Toronto,B,35535,35,Ontario,0,1,0,0,3,4,0,0,0,0,0
5050141.12,0141.12,505,Ottawa - Gatineau (Ontario part / partie de l'Ontario),B,35505,35,Ontario,1,1,2,0,2,1,2,0,0,0,0
9330287.10,0287.10,933,Vancouver,B,59933,59,British Columbia / Colombie-Britannique,0,0,0,0,0,0,0,0,1,0,0
4620268.03,0268.03,462,Montréal,B,24462,24,Quebec / Québec,0,4,0,0,1,1,1,4,0,0,0
4620852.01,0852.01,462,Montréal,B,24462,24,Quebec / Québec,0,0,0,0,0,0,0,0,0,0,0
4620182.00,0182.00,462,Montréal,B,24462,24,Quebec / Québec,1,0,1,0,2,0,0,0,0,0,1
4620322.04,0322.04,462,Montréal,B,24462,24,Quebec / Québec,0,0,2,0,0,0,0,0,0,0,0
7050022.01,0022.01,705,Regina,B,47705,47,Saskatchewan,0,0,0,0,0,0,0,0,0,0,0
4620167.00,0167.00,462,Montréal,B,24462,24,Quebec / Québec,0,1,0,0,5,1,0,0,0,0,0
5350225.01,0225.01,535,Toronto,B,35535,35,Ontario,0,6,0,1,7,1,0,3,0,0,0
5290013.00,0013.00,529,Peterborough,B,35529,35,Ontario,0,0,2,0,1,0,1,0,0,0,0
6020006.00,0006.00,602,Winnipeg,B,46602,46,Manitoba,1,3,1,1,5,0,1,1,1,0,0
9330222.01,0222.01,933,Vancouver,B,59933,59,British Columbia / Colombie-Britannique,0,2,1,0,1,0,0,0,0,0,0
8250033.02,0033.02,825,Calgary,B,48825,48,Alberta,0,2,1,2,8,1,2,2,0,0,1
4620603.03,0603.03,462,Montréal,B,24462,24,Quebec / Québec,0,0,0,0,0,0,0,0,0,0,0
5350080.02,0080.02,535,Toronto,B,35535,35,Ontario,0,2,0,0,5,2,0,3,0,0,0
5350804.05,0804.05,535,Toronto,B,35535,35,Ontario,0,0,0,0,0,0,1,0,0,0,0
9150006.00,0006.00,915,Kelowna,B,59915,59,British Columbia / Colombie-Britannique,0,0,0,0,0,0,0,0,1,0,0
5390334.02,0334.02,539,St. Catharines - Niagara,B,35539,35,Ontario,0,0,0,0,0,1,0,0,0,0,0
9330017.01,0017.01,933,Vancouver,B,59933,59,British Columbia / Colombie-Britannique,0,0,0,0,0,0,1,0,1,0,1
4620125.00,0125.00,462,Montréal,B,24462,24,Quebec / Québec,0,0,1,0,3,0,0,0,0,0,0
5370208.00,0208.00,537,Hamilton,B,35537,35,Ontario,0,1,0,0,2,0,0,0,0,0,0
5350363.07,0363.07,535,Toronto,B,35535,35,Ontario,0,5,0,0,5,2,0,4,4,0,1
4620303.00,0303.00,462,Montréal,B,24462,24,Quebec / Québec,0,0,0,0,0,0,0,0,0,0,0
4620355.00,0355.00,462,Montréal,B,24462,24,Quebec / Québec,0,4,0,0,1,0,0,0,0,0,0
5390323.00,0323.00,539,St. Catharines - Niagara,B,35539,35,Ontario,0,1,0,0,2,0,1,0,1,0,0
4620066.01,0066.01,462,Montréal,B,24462,24,Quebec / Québec,0,2,0,1,6,2,2,0,1,0,0
5050171.06,0171.06,505,Ottawa - Gatineau (Ontario part / partie de l'Ontario),B,35505,35,Ontario,0,0,1,0,4,0,0,0,1,0,0
5370067.00,0067.00,537,Hamilton,B,35537,35,Ontario,0,0,0,1,2,1,0,0,0,0,0
8350011.00,0011.00,835,Edmonton,B,48835,48,Alberta,0,2,0,0,2,0,0,0,1,0,0
5050184.00,0184.00,505,Ottawa - Gatineau (Ontario part / partie de l'Ontario),B,35505,35,Ontario,1,4,1,0,5,0,1,0,0,0,0
4620385.00,0385.00,462,Montréal,B,24462,24,Quebec / Québec,0,0,0,0,0,0,0,0,0,0,0
4620758.06,0758.06,462,Montréal,B,24462,24,Quebec / Québec,0,0,0,0,1,0,1,0,0,0,0
2050151.00,0151.00,205,Halifax,B,12205,12,Nova Scotia / Nouvelle-Écosse,0,0,0,0,0,0,0,0,0,0,0
5050132.00,0132.00,505,Ottawa - Gatineau (Ontario part / partie de l'Ontario),B,35505,35,Ontario,0,2,1,0,4,2,1,1,0,0,0
4330110.03,0110.03,433,Sherbrooke,B,24433,24,Quebec / Québec,0,3,0,0,0,0,0,0,2,0,0
5350634.01,0634.01,535,Toronto,B,35535,35,Ontario,0,1,0,0,1,0,2,0,0,0,0
2050011.00,0011.00,205,Halifax,B,12205,12,Nova Scotia / Nouvelle-Écosse,0,9,0,1,4,0,1,0,2,0,1
4620309.00,0309.00,462,Montréal,B,24462,24,Quebec / Québec,0,0,0,0,2,0,0,0,0,0,0
5350271.01,0271.01,535,Toronto,B,35535,35,Ontario,0,3,0,1,1,0,0,1,0,0,0
8250062.00,0062.00,825,Calgary,B,48825,48,Alberta,0,8,1,0,4,4,8,5,1,0,1
5050125.03,0125.03,505,Ottawa - Gatineau (Ontario part / partie de l'Ontario),B,35505,35,Ontario,0,0,1,0,0,0,0,0,0,0,0
4620789.00,0789.00,462,Montréal,B,24462,24,Quebec / Québec,0,0,0,0,2,1,0,0,3,0,0
5320203.03,0203.03,532,Oshawa,B,35532,35,Ontario,1,4,3,1,4,1,0,1,0,0,1
5430002.01,0002.01,543,Brantford,B,35543,35,Ontario,1,0,1,0,5,1,0,1,0,0,1
5050124.03,0124.03,505,Ottawa - Gatineau (Ontario part / partie de l'Ontario),B,35505,35,Ontario,1,0,1,0,0,0,2,0,0,0,0
5800015.00,0015.00,580,Greater Sudbury / Grand Sudbury,B,35580,35,Ontario,1,0,0,0,6,0,1,0,2,0,0
5350364.02,0364.02,535,Toronto,B,35535,35,Ontario,0,0,1,0,0,0,0,0,0,0,0
5350304.06,0304.06,535,Toronto,B,35535,35,Ontario,0,1,0,0,0,0,0,0,0,0,0
4620705.02,0705.02,462,Montréal,B,24462,24,Quebec / Québec,0,0,2,0,3,0,1,1,0,0,0
5370062.00,0062.00,537,Hamilton,B,35537,35,Ontario,1,0,2,0,2,1,0,0,1,0,0
7250020.00,0020.00,725,Saskatoon,B,47725,47,Saskatchewan,0,1,1,3,11,1,1,2,12,0,0
8350006.01,0006.01,835,Edmonton,B,48835,48,Alberta,0,18,0,2,24,0,3,5,5,0,0
8250002.21,0002.21,825,Calgary,B,48825,48,Alberta,0,0,0,0,2,0,0,0,0,0,0
4620209.00,0209.00,462,Montréal,B,24462,24,Quebec / Québec,0,1,2,0,9,6,0,1,0,0,0
9330181.06,0181.06,933,Vancouver,B,59933,59,British Columbia / Colombie-Britannique,0,1,0,0,4,0,1,0,5,0,0
4620682.05,0682.05,462,Montréal,B,24462,24,Quebec / Québec,0,0,0,0,1,0,0,1,0,0,0
4330111.05,0111.05,433,Sherbrooke,B,24433,24,Quebec / Québec,0,0,0,0,1,0,0,0,0,0,0
5410011.00,0011.00,541,Kitchener - Cambridge - Waterloo,B,35541,35,Ontario,0,1,4,0,7,1,0,1,0,0,0
5350294.01,0294.01,535,Toronto,B,35535,35,Ontario,0,1,0,0,1,0,0,0,0,0,0
5210101.00,0101.00,521,Kingston,B,35521,35,Ontario,0,1,0,0,1,0,0,0,1,0,0
5350291.02,0291.02,535,Toronto,B,35535,35,Ontario,0,1,0,0,1,0,0,0,0,0,0
5050044.00,0044.00,505,Ottawa - Gatineau (Ontario part / partie de l'Ontario),B,35505,35,Ontario,0,1,0,0,3,0,0,0,0,0,0
5350805.13,0805.13,535,Toronto,B,35535,35,Ontario,0,0,1,0,1,0,0,0,0,0,0
4620098.00,0098.00,462,Montréal,B,24462,24,Quebec / Québec,0,1,0,0,0,1,0,0,0,0,0
4330400.03,0400.03,433,Sherbrooke,B,24433,24,Quebec / Québec,0,5,7,2,5,2,0,0,12,0,0
4210024.00,0024.00,421,Québec,B,24421,24,Quebec / Québec,0,12,0,0,3,2,1,0,5,1,0
5350440.00,0440.00,535,Toronto,B,35535,35,Ontario,2,9,1,0,9,0,0,0,0,0,0
5350612.01,0612.01,535,Toronto,B,35535,35,Ontario,0,0,0,0,0,0,0,0,0,0,0
5390308.00,0308.00,539,St. Catharines - Niagara,B,35539,35,Ontario,0,0,0,1,3,0,0,0,0,0,0
9330226.02,0226.02,933,Vancouver,B,59933,59,British Columbia / Colombie-Britannique,0,0,0,0,0,0,0,0,0,0,0
9150001.00,0001.00,915,Kelowna,B,59915,59,British Columbia / Colombie-Britannique,0,1,0,2,0,0,0,0,2,0,0
5370081.00,0081.00,537,Hamilton,B,35537,35,Ontario,0,3,0,0,4,0,1,1,0,0,0
9350150.01,0150.01,935,Victoria,B,59935,59,British Columbia / Colombie-Britannique,0,0,0,0,4,1,1,2,1,0,0
5900013.00,0013.00,590,Sault Ste. Marie,K,35590,35,Ontario,0,0,0,0,0,0,2,0,2,0,0
5050032.02,0032.02,505,Ottawa - Gatineau (Ontario part / partie de l'Ontario),B,35505,35,Ontario,1,1,2,0,0,0,1,0,2,0,0
4620676.04,0676.04,462,Montréal,B,24462,24,Quebec / Québec,0,1,0,0,0,0,0,0,0,0,0
9330224.02,0224.02,933,Vancouver,B,59933,59,British Columbia / Colombie-Britannique,0,1,1,0,1,1,1,1,0,0,1
9700008.00,0008.00,970,Prince George,K,59970,59,British Columbia / Colombie-Britannique,0,1,0,0,5,3,0,1,1,0,0
5050017.00,0017.00,505,Ottawa - Gatineau (Ontario part / partie de l'Ontario),B,35505,35,Ontario,0,2,1,1,1,2,0,0,2,1,0
4620085.00,0085.00,462,Montréal,B,24462,24,Quebec / Québec,0,0,0,0,1,2,0,0,0,0,0
4620710.06,0710.06,462,Montréal,B,24462,24,Quebec / Québec,0,0,0,0,3,0,0,0,0,0,0
9320003.00,0003.00,932,Abbotsford - Mission,B,59932,59,British Columbia / Colombie-Britannique,0,0,2,0,3,0,0,0,2,0,0
6020102.01,0102.01,602,Winnipeg,B,46602,46,Manitoba,0,2,0,0,0,0,1,0,2,0,0
9330142.01,0142.01,933,Vancouver,B,59933,59,British Columbia / Colombie-Britannique,0,2,0,0,0,0,0,0,0,0,0
4620127.01,0127.01,462,Montréal,B,24462,24,Quebec / Québec,0,1,0,0,5,1,0,0,3,0,0
8250077.31,0077.31,825,Calgary,B,48825,48,Alberta,0,0,0,0,0,0,0,0,0,0,0
9330286.01,0286.01,933,Vancouver,B,59933,59,British Columbia / Colombie-Britannique,0,0,0,0,1,0,1,0,1,0,0
5290100.00,0100.00,529,Peterborough,B,35529,35,Ontario,0,0,0,0,0,0,0,0,4,0,0
5050122.02,0122.02,505,Ottawa - Gatineau (Ontario part / partie de l'Ontario),B,35505,35,Ontario,0,1,0,0,3,0,0,0,1,0,0
5350506.00,0506.00,535,Toronto,B,35535,35,Ontario,0,5,0,0,1,0,0,1,0,0,0
5350442.05,0442.05,535,Toronto,B,35535,35,Ontario,0,3,2,1,2,0,1,1,2,0,0
5350356.00,0356.00,535,Toronto,B,35535,35,Ontario,0,0,1,0,0,0,1,0,0,0,0
5290104.00,0104.00,529,Peterborough,B,35529,35,Ontario,0,0,0,0,0,0,0,0,1,0,0
9330041.02,0041.02,933,Vancouver,B,59933,59,British Columbia / Colombie-Britannique,0,3,2,0,5,0,0,1,3,0,1
4210260.02,0260.02,421,Québec,B,24421,24,Quebec / Québec,0,0,2,0,5,2,1,0,0,1,0
5050037.00,0037.00,505,Ottawa - Gatineau (Ontario part / partie de l'Ontario),B,35505,35,Ontario,1,43,0,2,25,4,0,1,11,0,0
9330160.03,0160.03,933,Vancouver,B,59933,59,British Columbia / Colombie-Britannique,0,1,2,0,1,0,1,0,0,1,0
5050125.08,0125.08,505,Ottawa - Gatineau (Ontario part / partie de l'Ontario),B,35505,35,Ontario,0,0,0,0,1,0,0,0,0,0,0
5350612.12,0612.12,535,Toronto,B,35535,35,Ontario,0,0,0,0,1,0,0,0,0,0,0
4620617.02,0617.02,462,Montréal,B,24462,24,Quebec / Québec,0,2,1,0,1,0,0,0,0,0,0
5350308.01,0308.01,535,Toronto,B,35535,35,Ontario,0,7,1,0,3,2,1,2,3,0,0
5350516.09,0516.09,535,Toronto,B,35535,35,Ontario,0,2,0,1,3,0,1,1,0,0,0
7250103.00,0103.00,725,Saskatoon,B,47725,47,Saskatchewan,0,0,0,0,1,0,0,0,2,0,0
4620687.10,0687.10,462,Montréal,B,24462,24,Quebec / Québec,0,1,0,0,0,1,1,0,0,0,0
5800191.00,0191.00,580,Greater Sudbury / Grand Sudbury,B,35580,35,Ontario,0,1,1,0,3,0,0,2,0,0,0
8350104.12,0104.12,835,Edmonton,B,48835,48,Alberta,0,0,0,0,0,0,0,0,0,0,0
8250077.27,0077.27,825,Calgary,B,48825,48,Alberta,0,0,2,0,1,0,1,0,0,0,0
9330186.01,0186.01,933,Vancouver,B,59933,59,British Columbia / Colombie-Britannique,0,0,1,0,2,0,0,0,0,0,0
5350310.01,0310.01,535,Toronto,B,35535,35,Ontario,1,3,1,1,1,0,0,0,0,0,1
4620879.01,0879.01,462,Montréal,B,24462,24,Quebec / Québec,2,3,1,1,7,1,0,0,0,0,0
4620701.02,0701.02,462,Montréal,B,24462,24,Quebec / Québec,0,1,2,0,2,0,1,0,0,0,0
5350118.00,0118.00,535,Toronto,B,35535,35,Ontario,2,1,0,0,1,0,0,0,1,0,0
8300013.00,0013.00,830,Red Deer,K,48830,48,Alberta,0,1,0,0,1,3,3,1,0,0,0
4620775.00,0775.00,462,Montréal,B,24462,24,Quebec / Québec,0,1,0,0,0,0,0,0,0,0,0
3200006.00,0006.00,320,Fredericton,K,13320,13,New Brunswick / Nouveau-Brunswick,0,0,0,0,8,0,0,0,1,0,1
5430011.01,0011.01,543,Brantford,B,35543,35,Ontario,0,2,0,0,4,0,1,0,0,0,0
5350410.04,0410.04,535,Toronto,B,35535,35,Ontario,1,0,1,0,1,0,0,0,0,0,0
6020123.00,0123.00,602,Winnipeg,B,46602,46,Manitoba,0,2,0,0,2,1,0,0,1,0,0
9330292.04,0292.04,933,Vancouver,B,59933,59,British Columbia / Colombie-Britannique,0,0,0,0,0,0,0,0,0,0,0
4210117.01,0117.01,421,Québec,B,24421,24,Quebec / Québec,0,3,0,1,1,0,1,0,0,0,1
9350126.00,0126.00,935,Victoria,B,59935,59,British Columbia / Colombie-Britannique,0,0,2,0,5,0,0,1,0,0,0
9330502.02,0502.02,933,Vancouver,B,59933,59,British Columbia / Colombie-Britannique,0,0,0,0,2,1,0,0,1,0,0
5050901.00,0901.00,505,Ottawa - Gatineau (partie du Québec / Quebec part),B,24505,24,Quebec / Québec,0,0,1,0,0,0,0,0,0,0,0
4500014.00,0014.00,450,Granby,K,24450,24,Quebec / Québec,0,0,0,0,0,0,0,0,0,0,0
5350612.11,0612.11,535,Toronto,B,35535,35,Ontario,0,1,0,0,0,0,1,0,0,0,0
5350297.01,0297.01,535,Toronto,B,35535,35,Ontario,0,2,3,0,7,0,0,0,0,0,1
4620725.08,0725.08,462,Montréal,B,24462,24,Quebec / Québec,2,3,1,0,1,2,0,0,2,0,0
4210240.02,0240.02,421,Québec,B,24421,24,Quebec / Québec,0,11,2,0,12,3,3,6,2,0,0
9330260.05,0260.05,933,Vancouver,B,59933,59,British Columbia / Colombie-Britannique,0,1,0,0,0,0,0,0,1,0,0
8300016.03,0016.03,830,Red Deer,K,48830,48,Alberta,1,0,0,0,1,1,0,0,1,0,2
5350191.00,0191.00,535,Toronto,B,35535,35,Ontario,0,0,0,0,2,0,0,0,1,0,0
5590101.04,0101.04,559,Windsor,B,35559,35,Ontario,0,0,1,0,1,0,0,0,0,0,0
5320105.06,0105.06,532,Oshawa,B,35532,35,Ontario,1,1,1,0,0,1,0,0,0,0,0
4620159.00,0159.00,462,Montréal,B,24462,24,Quebec / Québec,0,0,0,0,2,1,0,0,0,0,0
5350528.44,0528.44,535,Toronto,B,35535,35,Ontario,0,0,0,0,0,0,0,0,0,0,0
5350516.24,0516.24,535,Toronto,B,35535,35,Ontario,0,0,0,0,1,0,1,0,0,0,0
5680009.00,0009.00,568,Barrie,B,35568,35,Ontario,1,0,0,0,2,0,0,0,0,0,0
5350612.03,0612.03,535,Toronto,B,35535,35,Ontario,1,1,0,0,0,0,0,0,0,0,0
9320007.02,0007.02,932,Abbotsford - Mission,B,59932,59,British Columbia / Colombie-Britannique,0,2,1,0,1,0,0,0,0,0,0
5350052.00,0052.00,535,Toronto,B,35535,35,Ontario,0,1,1,0,2,1,1,0,1,0,0
8350066.02,0066.02,835,Edmonton,B,48835,48,Alberta,2,1,0,0,1,1,1,0,0,0,0
9330291.02,0291.02,933,Vancouver,B,59933,59,British Columbia / Colombie-Britannique,0,1,0,0,0,1,1,1,1,0,0
9330504.05,0504.05,933,Vancouver,B,59933,59,British Columbia / Colombie-Britannique,0,2,1,0,3,2,2,3,5,0,1
9330186.02,0186.02,933,Vancouver,B,59933,59,British Columbia / Colombie-Britannique,0,0,0,0,3,0,0,0,0,0,0
5390210.00,0210.00,539,St. Catharines - Niagara,B,35539,35,Ontario,0,0,0,0,0,1,0,0,12,0,0
7250018.01,0018.01,725,Saskatoon,B,47725,47,Saskatchewan,0,0,0,0,0,2,1,0,0,0,0
5350158.00,0158.00,535,Toronto,B,35535,35,Ontario,0,1,0,0,3,0,0,0,0,0,0
5800014.00,0014.00,580,Greater Sudbury / Grand Sudbury,B,35580,35,Ontario,0,0,1,0,3,0,1,0,1,0,1
5320013.00,0013.00,532,Oshawa,B,35532,35,Ontario,1,1,0,0,3,0,0,0,0,0,0
4420205.03,0205.03,442,Trois-Rivières,B,24442,24,Quebec / Québec,0,0,0,0,0,0,0,0,0,0,0
9330287.12,0287.12,933,Vancouver,B,59933,59,British Columbia / Colombie-Britannique,0,1,0,0,0,0,0,0,0,0,0
8100002.00,0002.00,810,Lethbridge,K,48810,48,Alberta,0,0,0,0,4,3,3,0,0,0,0
4620078.00,0078.00,462,Montréal,B,24462,24,Quebec / Québec,0,1,1,0,6,0,0,1,1,0,0
5350180.00,0180.00,535,Toronto,B,35535,35,Ontario,1,3,0,0,4,1,0,1,0,0,1
8250054.00,0054.00,825,Calgary,B,48825,48,Alberta,1,1,0,0,4,1,1,1,0,0,0
5410109.05,0109.05,541,Kitchener - Cambridge - Waterloo,B,35541,35,Ontario,0,1,0,0,0,0,1,0,0,0,0
4620636.00,0636.00,462,Montréal,B,24462,24,Quebec / Québec,0,2,1,0,6,0,0,0,0,0,0
6020029.00,0029.00,602,Winnipeg,B,46602,46,Manitoba,0,0,3,1,3,0,0,0,0,0,0
4210240.01,0240.01,421,Québec,B,24421,24,Quebec / Québec,0,0,0,0,1,1,0,0,0,0,0
4620216.00,0216.00,462,Montréal,B,24462,24,Quebec / Québec,0,1,1,0,3,0,0,0,0,0,0
5350238.01,0238.01,535,Toronto,B,35535,35,Ontario,0,1,0,0,0,0,2,0,0,0,0
5050137.05,0137.05,505,Ottawa - Gatineau (Ontario part / partie de l'Ontario),B,35505,35,Ontario,0,7,2,2,5,0,0,1,0,0,0
5350412.24,0412.24,535,Toronto,B,35535,35,Ontario,0,0,0,0,1,0,0,1,0,0,0
5390004.01,0004.01,539,St. Catharines - Niagara,B,35539,35,Ontario,0,0,0,0,1,0,0,0,0,0,0
6020130.01,0130.01,602,Winnipeg,B,46602,46,Manitoba,0,1,0,0,3,0,0,0,0,0,0
9330183.05,0183.05,933,Vancouver,B,59933,59,British Columbia / Colombie-Britannique,0,0,0,0,1,0,0,1,0,0,0
5350576.29,0576.29,535,Toronto,B,35535,35,Ontario,0,1,0,0,0,0,0,0,0,0,0
5350528.10,0528.10,535,Toronto,B,35535,35,Ontario,0,0,0,0,1,0,0,0,0,0,0
5350290.00,0290.00,535,Toronto,B,35535,35,Ontario,0,5,1,0,2,0,0,1,2,0,0
4620903.01,0903.01,462,Montréal,B,24462,24,Quebec / Québec,1,4,3,0,3,0,0,0,0,0,0
5350805.06,0805.06,535,Toronto,B,35535,35,Ontario,0,0,0,0,0,0,1,0,0,0,0
4620105.00,0105.00,462,Montréal,B,24462,24,Quebec / Québec,0,2,1,0,0,0,1,2,0,0,0
5350411.08,0411.08,535,Toronto,B,35535,35,Ontario,2,22,4,0,26,5,3,10,6,0,0
9330284.02,0284.02,933,Vancouver,B,59933,59,British Columbia / Colombie-Britannique,0,0,0,0,0,0,1,0,4,0,0
5350573.09,0573.09,535,Toronto,B,35535,35,Ontario,0,1,0,0,1,1,0,0,0,0,0
4590011.00,0011.00,459,Saint-Jean-sur-Richelieu,K,24459,24,Quebec / Québec,0,1,2,1,2,3,0,0,0,0,0
4500201.00,0201.00,450,Granby,K,24450,24,Quebec / Québec,0,0,1,0,2,0,0,0,0,0,0
9330015.02,0015.02,933,Vancouver,B,59933,59,British Columbia / Colombie-Britannique,0,0,1,0,1,0,0,0,0,0,0
8350001.07,0001.07,835,Edmonton,B,48835,48,Alberta,2,1,0,0,0,1,3,1,0,0,0
5050602.01,0602.01,505,Ottawa - Gatineau (partie du Québec / Quebec part),B,24505,24,Quebec / Québec,0,0,0,1,2,0,0,0,3,0,0
5350412.08,0412.08,535,Toronto,B,35535,35,Ontario,0,0,1,0,0,0,0,0,0,0,0
4590303.00,0303.00,459,Saint-Jean-sur-Richelieu,K,24459,24,Quebec / Québec,0,0,0,0,0,0,0,2,0,0,0
5350520.09,0520.09,535,Toronto,B,35535,35,Ontario,1,2,1,0,3,1,0,2,2,0,0
8350016.02,0016.02,835,Edmonton,B,48835,48,Alberta,0,0,0,0,2,0,0,0,0,0,0
4620382.02,0382.02,462,Montréal,B,24462,24,Quebec / Québec,0,1,0,0,0,0,0,0,0,0,0
5350531.01,0531.01,535,Toronto,B,35535,35,Ontario,0,0,0,0,0,0,0,1,0,0,0
9330181.10,0181.10,933,Vancouver,B,59933,59,British Columbia / Colombie-Britannique,0,4,0,0,1,0,0,0,2,0,0
4620826.07,0826.07,462,Montréal,B,24462,24,Quebec / Québec,0,0,0,0,0,0,0,0,1,0,0
9330068.00,0068.00,933,Vancouver,B,59933,59,British Columbia / Colombie-Britannique,0,3,0,0,1,1,0,1,4,0,0
3100011.00,0011.00,310,Saint John,B,13310,13,New Brunswick / Nouveau-Brunswick,1,27,0,3,15,13,3,5,4,0,0
9330148.00,0148.00,933,Vancouver,B,59933,59,British Columbia / Colombie-Britannique,1,7,1,1,14,3,3,4,7,0,1
5350585.10,0585.10,535,Toronto,B,35535,35,Ontario,0,0,0,1,1,0,1,0,0,0,0
5350051.00,0051.00,535,Toronto,B,35535,35,Ontario,0,6,0,1,3,4,0,0,1,0,0
5410122.01,0122.01,541,Kitchener - Cambridge - Waterloo,B,35541,35,Ontario,0,1,0,0,0,0,0,0,0,0,0
4620146.00,0146.00,462,Montréal,B,24462,24,Quebec / Québec,0,0,0,0,0,1,0,0,1,0,1
9150010.03,0010.03,915,Kelowna,B,59915,59,British Columbia / Colombie-Britannique,1,2,1,1,1,1,0,0,6,0,2
4210160.01,0160.01,421,Québec,B,24421,24,Quebec / Québec,1,1,1,0,5,3,0,1,0,0,0
9330103.00,0103.00,933,Vancouver,B,59933,59,British Columbia / Colombie-Britannique,0,1,0,0,1,0,0,0,0,0,1
5550039.00,0039.00,555,London,B,35555,35,Ontario,0,0,0,0,0,0,1,0,0,0,0
4620682.03,0682.03,462,Montréal,B,24462,24,Quebec / Québec,0,0,1,0,2,0,0,0,0,0,0
4620755.02,0755.02,462,Montréal,B,24462,24,Quebec / Québec,0,3,0,0,2,1,0,1,0,0,0
4620646.03,0646.03,462,Montréal,B,24462,24,Quebec / Québec,0,1,1,0,1,1,0,1,0,0,0
5350286.00,0286.00,535,Toronto,B,35535,35,Ontario,1,9,1,2,11,1,2,6,2,0,0
5350270.01,0270.01,535,Toronto,B,35535,35,Ontario,0,0,0,0,0,0,0,0,0,0,0
5350236.01,0236.01,535,Toronto,B,35535,35,Ontario,0,2,0,0,2,1,0,1,1,0,0
4620351.00,0351.00,462,Montréal,B,24462,24,Quebec / Québec,0,10,0,1,1,0,1,2,0,0,0
5350376.06,0376.06,535,Toronto,B,35535,35,Ontario,3,11,3,0,7,2,0,2,0,0,0
5350318.00,0318.00,535,Toronto,B,35535,35,Ontario,1,9,1,0,4,0,1,0,0,0,0
5350571.01,0571.01,535,Toronto,B,35535,35,Ontario,1,0,1,0,0,0,0,0,0,0,0
4470013.00,0013.00,447,Drummondville,K,24447,24,Quebec / Québec,0,0,0,0,0,0,0,0,0,0,0
5050841.06,0841.06,505,Ottawa - Gatineau (partie du Québec / Quebec part),B,24505,24,Quebec / Québec,0,0,0,0,1,0,0,0,0,0,0
5050137.03,0137.03,505,Ottawa - Gatineau (Ontario part / partie de l'Ontario),B,35505,35,Ontario,1,1,0,0,0,0,0,0,0,0,0
8250038.18,0038.18,825,Calgary,B,48825,48,Alberta,0,0,0,0,0,1,0,0,0,0,0
4620656.01,0656.01,462,Montréal,B,24462,24,Quebec / Québec,0,0,1,0,2,1,0,1,0,1,0
4210320.08,0320.08,421,Québec,B,24421,24,Quebec / Québec,0,0,1,0,0,0,1,0,0,0,0
9330007.02,0007.02,933,Vancouver,B,59933,59,British Columbia / Colombie-Britannique,0,2,0,0,1,0,0,0,1,0,0
7050010.00,0010.00,705,Regina,B,47705,47,Saskatchewan,1,1,0,1,0,0,0,0,2,0,0
4210845.04,0845.04,421,Québec,B,24421,24,Quebec / Québec,0,1,1,0,3,2,0,1,0,0,0
4590204.00,0204.00,459,Saint-Jean-sur-Richelieu,K,24459,24,Quebec / Québec,0,0,0,0,0,0,0,0,0,0,0
9700006.00,0006.00,970,Prince George,K,59970,59,British Columbia / Colombie-Britannique,0,0,0,0,1,0,1,0,4,2,0
5390311.02,0311.02,539,St. Catharines - Niagara,B,35539,35,Ontario,0,3,1,0,3,0,1,1,2,0,0
8350043.00,0043.00,835,Edmonton,B,48835,48,Alberta,0,0,1,1,2,0,1,2,1,0,0
2050009.00,0009.00,205,Halifax,B,12205,12,Nova Scotia / Nouvelle-Écosse,2,21,3,4,19,16,1,3,7,0,1
6020500.02,0500.02,602,Winnipeg,B,46602,46,Manitoba,0,1,0,1,0,0,0,0,1,0,0
5350042.00,0042.00,535,Toronto,B,35535,35,Ontario,0,5,0,0,4,2,0,0,1,0,0
9330147.09,0147.09,933,Vancouver,B,59933,59,British Columbia / Colombie-Britannique,0,0,0,0,0,0,0,0,0,0,0
9330184.11,0184.11,933,Vancouver,B,59933,59,British Columbia / Colombie-Britannique,0,0,0,0,0,0,0,0,0,0,0
6020033.00,0033.00,602,Winnipeg,B,46602,46,Manitoba,0,0,0,0,2,0,0,0,1,0,0
2050106.02,0106.02,205,Halifax,B,12205,12,Nova Scotia / Nouvelle-Écosse,0,0,0,0,0,0,0,0,2,0,0
9350013.01,0013.01,935,Victoria,B,59935,59,British Columbia / Colombie-Britannique,0,2,3,0,5,0,0,2,6,0,1
5350292.00,0292.00,535,Toronto,B,35535,35,Ontario,1,3,0,0,5,1,0,2,1,0,1
5680202.00,0202.00,568,Barrie,B,35568,35,Ontario,0,2,0,0,4,2,2,0,0,0,0
8250076.23,0076.23,825,Calgary,B,48825,48,Alberta,0,0,0,0,0,0,0,0,0,0,0
5290012.00,0012.00,529,Peterborough,B,35529,35,Ontario,0,2,0,0,2,1,1,0,1,0,0
2050104.02,0104.02,205,Halifax,B,12205,12,Nova Scotia / Nouvelle-Écosse,0,0,2,0,0,0,1,1,0,0,0
4620731.00,0731.00,462,Montréal,B,24462,24,Quebec / Québec,0,0,1,0,3,1,0,0,1,0,0
9350121.04,0121.04,935,Victoria,B,59935,59,British Columbia / Colombie-Britannique,0,3,1,0,0,0,0,0,0,0,0
5370028.00,0028.00,537,Hamilton,B,35537,35,Ontario,0,0,1,0,1,1,0,0,0,0,0
4330113.02,0113.02,433,Sherbrooke,B,24433,24,Quebec / Québec,0,0,0,0,0,2,0,0,1,0,0
5390007.01,0007.01,539,St. Catharines - Niagara,B,35539,35,Ontario,0,0,1,1,0,2,0,1,0,0,1
4330111.08,0111.08,433,Sherbrooke,B,24433,24,Quebec / Québec,1,0,1,2,1,0,0,0,0,0,0
5390013.02,0013.02,539,St. Catharines - Niagara,B,35539,35,Ontario,0,0,0,0,2,1,1,0,0,0,1
5550034.00,0034.00,555,London,B,35555,35,Ontario,1,18,0,0,8,3,1,2,3,1,1
5350028.00,0028.00,535,Toronto,B,35535,35,Ontario,1,2,0,0,6,1,1,0,0,0,0
4620413.02,0413.02,462,Montréal,B,24462,24,Quebec / Québec,0,3,0,0,0,0,0,2,0,0,0
9300005.00,0005.00,930,Chilliwack,K,59930,59,British Columbia / Colombie-Britannique,1,6,4,0,6,1,2,0,2,0,1
5350600.02,0600.02,535,Toronto,B,35535,35,Ontario,0,3,2,0,1,0,0,0,8,0,0
4620831.09,0831.09,462,Montréal,B,24462,24,Quebec / Québec,0,1,0,0,1,0,0,0,0,0,0
4620851.00,0851.00,462,Montréal,B,24462,24,Quebec / Québec,0,6,4,0,11,3,2,0,2,0,0
3050015.00,0015.00,305,Moncton,B,13305,13,New Brunswick / Nouveau-Brunswick,0,2,0,0,3,0,0,0,3,0,0
4620758.03,0758.03,462,Montréal,B,24462,24,Quebec / Québec,0,0,0,0,0,0,0,0,0,0,0
5350108.00,0108.00,535,Toronto,B,35535,35,Ontario,0,0,0,0,2,1,0,1,0,0,0
9330024.00,0024.00,933,Vancouver,B,59933,59,British Columbia / Colombie-Britannique,0,0,0,0,0,0,1,0,1,0,0
4620858.02,0858.02,462,Montréal,B,24462,24,Quebec / Québec,0,1,0,0,2,2,0,0,0,0,0
9330285.01,0285.01,933,Vancouver,B,59933,59,British Columbia / Colombie-Britannique,0,2,0,0,1,0,0,0,0,0,1
8350090.21,0090.21,835,Edmonton,B,48835,48,Alberta,0,0,0,0,0,0,0,0,0,0,0
4620826.05,0826.05,462,Montréal,B,24462,24,Quebec / Québec,0,0,0,0,1,0,0,0,3,0,0
9330187.12,0187.12,933,Vancouver,B,59933,59,British Columbia / Colombie-Britannique,0,1,0,0,1,1,1,0,0,0,0
8250034.00,0034.00,825,Calgary,B,48825,48,Alberta,0,3,1,0,10,1,2,1,1,0,0
5410129.01,0129.01,541,Kitchener - Cambridge - Waterloo,B,35541,35,Ontario,0,0,1,0,3,1,0,0,2,0,0
4620677.05,0677.05,462,Montréal,B,24462,24,Quebec / Québec,0,2,1,0,0,0,0,0,0,0,0
5350570.01,0570.01,535,Toronto,B,35535,35,Ontario,1,6,0,0,5,0,1,2,4,0,1
5350129.00,0129.00,535,Toronto,B,35535,35,Ontario,0,11,0,0,1,1,0,0,1,0,0
4620685.06,0685.06,462,Montréal,B,24462,24,Quebec / Québec,0,1,1,0,4,0,0,0,0,0,0
4620051.00,0051.00,462,Montréal,B,24462,24,Quebec / Québec,0,3,1,1,1,9,0,0,9,0,0
8350165.02,0165.02,835,Edmonton,B,48835,48,Alberta,0,0,0,0,1,0,0,0,0,0,0
5900001.01,0001.01,590,Sault Ste. Marie,K,35590,35,Ontario,0,0,0,0,0,0,0,0,1,0,0
5680006.00,0006.00,568,Barrie,B,35568,35,Ontario,1,58,2,3,10,11,2,8,2,0,1
4620656.04,0656.04,462,Montréal,B,24462,24,Quebec / Québec,0,0,0,0,0,0,0,1,1,0,0
5410131.06,0131.06,541,Kitchener - Cambridge - Waterloo,B,35541,35,Ontario,0,0,0,0,0,1,0,0,1,0,0
9330053.01,0053.01,933,Vancouver,B,59933,59,British Columbia / Colombie-Britannique,0,0,0,1,7,0,1,0,2,0,0
4620207.00,0207.00,462,Montréal,B,24462,24,Quebec / Québec,0,0,1,0,1,0,0,0,0,0,0
8250038.32,0038.32,825,Calgary,B,48825,48,Alberta,0,0,0,0,1,0,0,0,0,0,0
6020150.01,0150.01,602,Winnipeg,B,46602,46,Manitoba,0,0,0,1,0,0,1,0,0,0,0
4420203.00,0203.00,442,Trois-Rivières,B,24442,24,Quebec / Québec,0,1,1,0,6,4,0,0,1,0,0
5350215.00,0215.00,535,Toronto,B,35535,35,Ontario,1,3,1,0,3,0,5,2,1,0,0
7250102.01,0102.01,725,Saskatoon,B,47725,47,Saskatchewan,1,1,0,0,2,1,0,0,3,0,1
5350585.05,0585.05,535,Toronto,B,35535,35,Ontario,0,2,0,0,2,0,0,0,1,0,0
4620652.09,0652.09,462,Montréal,B,24462,24,Quebec / Québec,0,1,0,0,0,0,0,0,0,0,0
5350342.00,0342.00,535,Toronto,B,35535,35,Ontario,0,0,0,0,0,2,0,0,0,0,0
5500009.04,0009.04,550,Guelph,B,35550,35,Ontario,0,0,0,1,1,0,0,0,2,0,1
5370222.01,0222.01,537,Hamilton,B,35537,35,Ontario,0,0,0,0,3,0,0,1,2,0,0
7250012.02,0012.02,725,Saskatoon,B,47725,47,Saskatchewan,0,1,0,0,0,0,0,0,0,0,0
4620397.00,0397.00,462,Montréal,B,24462,24,Quebec / Québec,0,0,0,0,1,0,0,0,0,0,0
5370101.02,0101.02,537,Hamilton,B,35537,35,Ontario,0,0,1,0,2,0,0,0,0,0,0
5350411.18,0411.18,535,Toronto,B,35535,35,Ontario,0,0,0,0,0,0,0,0,0,0,0
5350331.04,0331.04,535,Toronto,B,35535,35,Ontario,0,0,0,0,2,0,2,1,0,0,0
4420101.02,0101.02,442,Trois-Rivières,B,24442,24,Quebec / Québec,0,1,2,1,3,1,1,2,3,0,0
4470014.00,0014.00,447,Drummondville,K,24447,24,Quebec / Québec,0,0,1,0,2,1,1,0,0,0,0
9330033.02,0033.02,933,Vancouver,B,59933,59,British Columbia / Colombie-Britannique,0,0,0,0,0,0,0,0,0,0,0
5050140.05,0140.05,505,Ottawa - Gatineau (Ontario part / partie de l'Ontario),B,35505,35,Ontario,0,0,0,0,0,0,0,0,0,0,0
4210260.01,0260.01,421,Québec,B,24421,24,Quebec / Québec,1,0,2,0,2,1,0,0,0,0,0
5410131.05,0131.05,541,Kitchener - Cambridge - Waterloo,B,35541,35,Ontario,0,0,0,0,0,0,0,1,0,0,0
4620352.00,0352.00,462,Montréal,B,24462,24,Quebec / Québec,0,4,2,0,1,1,1,1,0,0,0
0010100.03,0100.03,001,St. John's,B,10001,10,Newfoundland and Labrador / Terre-Neuve-et-Labrador,0,0,0,0,0,2,0,0,0,0,0
4620290.05,0290.05,462,Montréal,B,24462,24,Quebec / Québec,1,1,2,1,3,0,0,0,0,0,0
6020028.00,0028.00,602,Winnipeg,B,46602,46,Manitoba,0,2,0,0,2,0,1,2,1,0,1
9330051.02,0051.02,933,Vancouver,B,59933,59,British Columbia / Colombie-Britannique,0,1,0,0,1,0,1,0,0,0,0
5350424.12,0424.12,535,Toronto,B,35535,35,Ontario,0,1,0,0,0,0,0,0,1,0,0
5800013.00,0013.00,580,Greater Sudbury / Grand Sudbury,B,35580,35,Ontario,0,0,0,0,0,0,0,0,0,0,0
4620065.01,0065.01,462,Montréal,B,24462,24,Quebec / Québec,0,8,0,3,9,2,0,1,3,0,0
4620080.00,0080.00,462,Montréal,B,24462,24,Quebec / Québec,1,2,0,0,2,0,1,0,0,0,0
9330037.01,0037.01,933,Vancouver,B,59933,59,British Columbia / Colombie-Britannique,0,0,0,0,2,0,0,0,0,0,0
5350002.00,0002.00,535,Toronto,B,35535,35,Ontario,0,0,0,0,2,0,0,0,0,0,0
4210340.01,0340.01,421,Québec,B,24421,24,Quebec / Québec,0,0,0,0,0,1,0,0,0,0,0
5390309.00,0309.00,539,St. Catharines - Niagara,B,35539,35,Ontario,0,0,0,0,0,0,1,0,0,0,0
5050613.04,0613.04,505,Ottawa - Gatineau (partie du Québec / Quebec part),B,24505,24,Quebec / Québec,0,0,0,1,2,0,0,0,0,0,0
7050100.09,0100.09,705,Regina,B,47705,47,Saskatchewan,0,1,0,0,0,0,0,0,0,0,0
8350075.08,0075.08,835,Edmonton,B,48835,48,Alberta,0,0,0,0,0,0,0,0,0,0,0
4620602.02,0602.02,462,Montréal,B,24462,24,Quebec / Québec,0,0,1,0,1,0,0,0,0,0,0
5050061.00,0061.00,505,Ottawa - Gatineau (Ontario part / partie de l'Ontario),B,35505,35,Ontario,0,0,1,0,5,0,1,0,0,0,0
5350632.00,0632.00,535,Toronto,B,35535,35,Ontario,0,1,0,0,2,0,2,1,0,0,0
5370205.02,0205.02,537,Hamilton,B,35537,35,Ontario,2,0,0,0,0,0,0,0,0,0,0
5350412.04,0412.04,535,Toronto,B,35535,35,Ontario,1,17,1,0,14,0,2,7,1,0,0
5350528.22,0528.22,535,Toronto,B,35535,35,Ontario,0,1,0,0,1,0,0,1,0,0,0
5320003.02,0003.02,532,Oshawa,B,35532,35,Ontario,0,2,0,0,1,2,0,0,0,0,0
6020551.00,0551.00,602,Winnipeg,B,46602,46,Manitoba,0,0,0,0,2,0,1,0,0,0,0
4210510.00,0510.00,421,Québec,B,24421,24,Quebec / Québec,0,0,1,0,1,0,0,0,1,0,0
5390014.01,0014.01,539,St. Catharines - Niagara,B,35539,35,Ontario,0,0,1,0,3,0,1,1,0,0,0
7050023.02,0023.02,705,Regina,B,47705,47,Saskatchewan,0,0,0,0,0,0,0,0,0,0,0
6020117.00,0117.00,602,Winnipeg,B,46602,46,Manitoba,0,0,2,1,3,1,0,0,2,0,0
5410005.00,0005.00,541,Kitchener - Cambridge - Waterloo,B,35541,35,Ontario,0,0,2,0,2,0,1,1,0,0,0
5350223.00,0223.00,535,Toronto,B,35535,35,Ontario,0,0,2,0,0,1,0,0,0,0,0
5350521.03,0521.03,535,Toronto,B,35535,35,Ontario,0,0,0,0,0,0,0,0,0,0,0
5390204.00,0204.00,539,St. Catharines - Niagara,B,35539,35,Ontario,0,2,2,1,2,1,0,1,15,0,1
5350316.03,0316.03,535,Toronto,B,35535,35,Ontario,0,2,0,0,2,0,0,0,0,0,0
4620634.00,0634.00,462,Montréal,B,24462,24,Quebec / Québec,0,0,0,0,1,1,0,0,0,0,0
5350060.00,0060.00,535,Toronto,B,35535,35,Ontario,0,3,1,1,6,5,1,1,0,0,0
5350378.12,0378.12,535,Toronto,B,35535,35,Ontario,0,0,1,0,4,0,0,0,0,0,0
4210360.02,0360.02,421,Québec,B,24421,24,Quebec / Québec,0,0,1,1,1,1,1,0,0,0,0
5350020.00,0020.00,535,Toronto,B,35535,35,Ontario,0,0,0,0,1,0,1,0,0,0,0
5410012.00,0012.00,541,Kitchener - Cambridge - Waterloo,B,35541,35,Ontario,0,3,0,2,1,1,0,1,0,0,0
5350344.02,0344.02,535,Toronto,B,35535,35,Ontario,0,0,0,0,2,0,0,0,0,0,0
5290103.00,0103.00,529,Peterborough,B,35529,35,Ontario,0,0,0,0,0,0,0,0,2,0,0
5350575.07,0575.07,535,Toronto,B,35535,35,Ontario,0,0,0,0,0,0,0,0,0,0,0
2050027.00,0027.00,205,Halifax,B,12205,12,Nova Scotia / Nouvelle-Écosse,0,2,0,0,1,0,0,0,5,0,0
5350064.00,0064.00,535,Toronto,B,35535,35,Ontario,2,2,0,0,2,0,0,1,6,0,0
5370001.06,0001.06,537,Hamilton,B,35537,35,Ontario,0,0,1,0,0,0,0,0,0,0,0
5350321.01,0321.01,535,Toronto,B,35535,35,Ontario,1,3,0,0,1,0,0,1,0,0,0
9330208.00,0208.00,933,Vancouver,B,59933,59,British Columbia / Colombie-Britannique,0,0,0,0,1,0,0,0,1,0,0
4620780.00,0780.00,462,Montréal,B,24462,24,Quebec / Québec,0,0,2,0,1,0,0,0,0,1,0
5390016.01,0016.01,539,St. Catharines - Niagara,B,35539,35,Ontario,0,0,1,0,0,1,0,0,0,0,0
8350052.02,0052.02,835,Edmonton,B,48835,48,Alberta,0,0,1,0,1,1,1,0,0,0,0
5350401.20,0401.20,535,Toronto,B,35535,35,Ontario,0,0,0,0,0,0,0,0,0,0,0
5210103.00,0103.00,521,Kingston,B,35521,35,Ontario,0,0,1,0,2,0,2,0,1,0,0
8350006.11,0006.11,835,Edmonton,B,48835,48,Alberta,0,1,0,1,0,0,0,0,0,0,0
4210845.03,0845.03,421,Québec,B,24421,24,Quebec / Québec,0,0,1,0,0,0,1,0,0,0,0
9330043.01,0043.01,933,Vancouver,B,59933,59,British Columbia / Colombie-Britannique,0,1,0,1,1,0,0,0,0,0,0
9350110.00,0110.00,935,Victoria,B,59935,59,British Columbia / Colombie-Britannique,0,5,1,1,6,2,1,1,6,0,0
9350003.01,0003.01,935,Victoria,B,59935,59,British Columbia / Colombie-Britannique,0,2,2,0,4,1,2,1,9,0,0
5350260.05,0260.05,535,Toronto,B,35535,35,Ontario,0,0,0,0,0,0,0,0,0,0,0
5320103.00,0103.00,532,Oshawa,B,35532,35,Ontario,0,7,0,1,1,0,0,0,0,0,0
5430002.02,0002.02,543,Brantford,B,35543,35,Ontario,0,0,0,0,0,0,0,0,0,0,0
9330111.01,0111.01,933,Vancouver,B,59933,59,British Columbia / Colombie-Britannique,0,0,0,0,4,1,0,0,1,0,0
7050008.02,0008.02,705,Regina,B,47705,47,Saskatchewan,0,1,0,0,0,0,0,1,0,0,0
4620590.01,0590.01,462,Montréal,B,24462,24,Quebec / Québec,0,0,1,0,1,1,0,0,0,0,0
8250038.31,0038.31,825,Calgary,B,48825,48,Alberta,8,14,0,0,14,5,12,4,14,0,0
4620195.01,0195.01,462,Montréal,B,24462,24,Quebec / Québec,1,0,3,0,1,0,0,0,0,0,0
9300022.00,0022.00,930,Chilliwack,K,59930,59,British Columbia / Colombie-Britannique,0,0,1,0,1,0,0,0,0,0,0
8250035.01,0035.01,825,Calgary,B,48825,48,Alberta,0,0,0,0,0,0,2,0,0,0,0
4620616.00,0616.00,462,Montréal,B,24462,24,Quebec / Québec,0,1,1,0,5,1,1,0,0,0,0
4210500.00,0500.00,421,Québec,B,24421,24,Quebec / Québec,0,0,4,0,0,0,0,0,2,0,0
9330101.03,0101.03,933,Vancouver,B,59933,59,British Columbia / Colombie-Britannique,0,1,1,1,0,0,0,2,1,0,0
5350248.05,0248.05,535,Toronto,B,35535,35,Ontario,2,1,0,0,2,0,0,0,0,0,0
5350015.00,0015.00,535,Toronto,B,35535,35,Ontario,0,48,1,2,29,3,0,5,6,0,0
5050141.05,0141.05,505,Ottawa - Gatineau (Ontario part / partie de l'Ontario),B,35505,35,Ontario,0,0,0,0,1,0,0,0,0,0,0
8250001.22,0001.22,825,Calgary,B,48825,48,Alberta,0,0,0,1,0,0,0,0,1,0,0
5590011.02,0011.02,559,Windsor,B,35559,35,Ontario,0,0,0,0,1,0,0,0,0,0,0
4620269.00,0269.00,462,Montréal,B,24462,24,Quebec / Québec,0,2,1,0,3,0,0,2,0,1,0
5370085.03,0085.03,537,Hamilton,B,35537,35,Ontario,0,0,0,0,2,0,1,1,3,0,0
7050100.13,0100.13,705,Regina,B,47705,47,Saskatchewan,0,0,0,0,0,0,0,0,0,0,0
5350040.00,0040.00,535,Toronto,B,35535,35,Ontario,1,1,0,0,3,2,0,1,0,0,0
5350097.02,0097.02,535,Toronto,B,35535,35,Ontario,1,0,0,0,3,0,1,0,1,0,0
5350080.01,0080.01,535,Toronto,B,35535,35,Ontario,0,8,1,0,4,4,0,0,0,0,0
9330001.01,0001.01,933,Vancouver,B,59933,59,British Columbia / Colombie-Britannique,0,0,0,0,1,0,0,0,0,0,0
8350064.01,0064.01,835,Edmonton,B,48835,48,Alberta,2,0,1,1,3,0,0,1,0,0,1
2050141.00,0141.00,205,Halifax,B,12205,12,Nova Scotia / Nouvelle-Écosse,0,1,0,0,1,0,0,0,3,0,0
4210530.00,0530.00,421,Québec,B,24421,24,Quebec / Québec,0,0,0,0,0,1,0,0,10,0,0
8250052.04,0052.04,825,Calgary,B,48825,48,Alberta,1,3,0,0,2,0,1,1,1,0,1
9320100.00,0100.00,932,Abbotsford - Mission,B,59932,59,British Columbia / Colombie-Britannique,0,0,0,0,0,0,0,0,0,0,0
5350272.02,0272.02,535,Toronto,B,35535,35,Ontario,0,0,1,0,0,0,0,0,0,0,0
5350400.16,0400.16,535,Toronto,B,35535,35,Ontario,0,0,0,0,1,0,0,0,0,0,0
5050136.01,0136.01,505,Ottawa - Gatineau (Ontario part / partie de l'Ontario),B,35505,35,Ontario,0,1,3,0,2,0,1,0,2,0,0
4210120.03,0120.03,421,Québec,B,24421,24,Quebec / Québec,0,1,0,0,0,0,0,0,0,0,0
5370121.00,0121.00,537,Hamilton,B,35537,35,Ontario,0,0,0,0,1,0,1,0,2,0,0
4500003.00,0003.00,450,Granby,K,24450,24,Quebec / Québec,0,0,0,0,0,0,0,0,0,0,0
7050100.01,0100.01,705,Regina,B,47705,47,Saskatchewan,0,0,0,0,0,0,0,0,0,0,0
8350102.00,0102.00,835,Edmonton,B,48835,48,Alberta,0,1,0,0,0,1,2,0,1,0,0
4620401.00,0401.00,462,Montréal,B,24462,24,Quebec / Québec,1,0,0,0,0,0,0,0,0,0,0
6020522.02,0522.02,602,Winnipeg,B,46602,46,Manitoba,0,1,1,0,1,0,1,0,0,0,0
5750006.00,0006.00,575,North Bay,K,35575,35,Ontario,4,0,0,0,0,0,1,0,0,0,1
5350612.14,0612.14,535,Toronto,B,35535,35,Ontario,0,2,0,0,3,0,1,2,0,0,0
9330243.01,0243.01,933,Vancouver,B,59933,59,British Columbia / Colombie-Britannique,0,0,1,0,0,1,0,0,0,0,0
8250031.00,0031.00,825,Calgary,B,48825,48,Alberta,10,17,3,2,12,4,3,4,6,0,0
5350309.00,0309.00,535,Toronto,B,35535,35,Ontario,3,0,0,0,3,0,0,1,0,0,0
8250001.39,0001.39,825,Calgary,B,48825,48,Alberta,0,0,0,0,0,0,0,0,0,0,0
5350527.01,0527.01,535,Toronto,B,35535,35,Ontario,0,7,1,1,3,3,2,3,1,0,0
4620187.04,0187.04,462,Montréal,B,24462,24,Quebec / Québec,0,0,2,0,8,0,0,0,0,0,0
5350101.00,0101.00,535,Toronto,B,35535,35,Ontario,0,3,0,0,3,1,0,1,0,0,0
5350061.00,0061.00,535,Toronto,B,35535,35,Ontario,2,4,1,3,5,2,0,1,0,0,0
9380012.00,0012.00,938,Nanaimo,K,59938,59,British Columbia / Colombie-Britannique,0,3,0,0,2,2,1,2,10,0,1
5410002.04,0002.04,541,Kitchener - Cambridge - Waterloo,B,35541,35,Ontario,0,0,0,0,0,0,0,0,0,0,0
5350485.01,0485.01,535,Toronto,B,35535,35,Ontario,2,4,1,0,4,0,2,0,3,0,1
5350336.00,0336.00,535,Toronto,B,35535,35,Ontario,0,0,0,0,0,0,0,0,0,0,0
5590019.01,0019.01,559,Windsor,B,35559,35,Ontario,0,1,0,0,0,1,1,0,0,0,0
5350527.03,0527.03,535,Toronto,B,35535,35,Ontario,0,21,2,1,1,0,0,2,0,0,0
9330292.01,0292.01,933,Vancouver,B,59933,59,British Columbia / Colombie-Britannique,0,1,0,0,0,0,1,0,1,0,0
4620130.00,0130.00,462,Montréal,B,24462,24,Quebec / Québec,0,0,0,0,2,0,0,0,3,0,0
4620638.04,0638.04,462,Montréal,B,24462,24,Quebec / Québec,0,2,0,0,2,1,0,0,0,0,1
3100008.00,0008.00,310,Saint John,B,13310,13,New Brunswick / Nouveau-Brunswick,0,2,0,0,4,3,1,0,2,0,0
4210800.02,0800.02,421,Québec,B,24421,24,Quebec / Québec,0,1,2,0,5,0,0,0,1,0,0
9330130.03,0130.03,933,Vancouver,B,59933,59,British Columbia / Colombie-Britannique,0,13,1,0,2,1,1,1,1,0,0
5050135.01,0135.01,505,Ottawa - Gatineau (Ontario part / partie de l'Ontario),B,35505,35,Ontario,0,0,0,0,0,0,0,0,2,0,0
4620453.02,0453.02,462,Montréal,B,24462,24,Quebec / Québec,0,3,1,0,7,2,2,1,1,0,0
5550049.01,0049.01,555,London,B,35555,35,Ontario,0,4,0,0,1,1,1,0,0,0,0
9320004.00,0004.00,932,Abbotsford - Mission,B,59932,59,British Columbia / Colombie-Britannique,0,0,0,0,0,0,0,0,3,0,0
5620005.00,0005.00,562,Sarnia,K,35562,35,Ontario,1,0,0,1,2,0,0,1,0,0,0
4620630.02,0630.02,462,Montréal,B,24462,24,Quebec / Québec,0,4,2,0,2,0,0,0,0,0,0
6020051.03,0051.03,602,Winnipeg,B,46602,46,Manitoba,0,0,0,0,2,0,1,0,0,0,0
2050007.00,0007.00,205,Halifax,B,12205,12,Nova Scotia / Nouvelle-Écosse,10,2,0,0,4,0,0,0,1,0,0
8350025.00,0025.00,835,Edmonton,B,48835,48,Alberta,1,0,0,0,1,0,3,1,0,0,0
5430008.00,0008.00,543,Brantford,B,35543,35,Ontario,1,1,0,0,3,0,0,1,0,0,1
8350078.03,0078.03,835,Edmonton,B,48835,48,Alberta,0,0,0,0,0,0,0,0,0,0,0
5350044.00,0044.00,535,Toronto,B,35535,35,Ontario,0,1,1,1,1,4,0,0,3,0,0
4210120.02,0120.02,421,Québec,B,24421,24,Quebec / Québec,0,1,0,0,2,1,0,0,0,0,0
5350562.06,0562.06,535,Toronto,B,35535,35,Ontario,0,1,0,0,0,0,0,0,0,0,0
7050001.01,0001.01,705,Regina,B,47705,47,Saskatchewan,0,0,0,0,2,0,0,0,0,0,0
5290014.00,0014.00,529,Peterborough,B,35529,35,Ontario,0,0,0,0,4,0,0,0,1,0,0
9330191.06,0191.06,933,Vancouver,B,59933,59,British Columbia / Colombie-Britannique,0,0,0,0,1,0,0,0,2,0,0
5350516.23,0516.23,535,Toronto,B,35535,35,Ontario,0,0,0,0,1,0,0,0,0,0,0
5350520.05,0520.05,535,Toronto,B,35535,35,Ontario,0,0,0,0,0,0,0,0,0,0,0
4620412.00,0412.00,462,Montréal,B,24462,24,Quebec / Québec,0,4,1,0,4,0,0,0,0,0,0
5350150.00,0150.00,535,Toronto,B,35535,35,Ontario,0,3,0,0,2,0,0,0,0,0,0
5350212.00,0212.00,535,Toronto,B,35535,35,Ontario,0,2,0,0,0,2,0,0,1,0,1
5350516.05,0516.05,535,Toronto,B,35535,35,Ontario,0,0,0,0,0,0,1,0,0,0,0
5370036.00,0036.00,537,Hamilton,B,35537,35,Ontario,1,30,2,3,10,7,0,2,4,0,0
8250077.32,0077.32,825,Calgary,B,48825,48,Alberta,0,0,0,0,0,0,1,0,0,0,0
5410105.00,0105.00,541,Kitchener - Cambridge - Waterloo,B,35541,35,Ontario,1,1,0,1,0,0,1,1,0,0,1
4470004.00,0004.00,447,Drummondville,K,24447,24,Quebec / Québec,0,0,2,1,4,2,0,0,0,0,0
5620110.02,0110.02,562,Sarnia,K,35562,35,Ontario,0,0,0,0,0,0,0,0,0,0,0
5350562.11,0562.11,535,Toronto,B,35535,35,Ontario,0,0,0,0,0,0,0,0,0,0,0
4620272.00,0272.00,462,Montréal,B,24462,24,Quebec / Québec,0,1,0,0,2,0,0,0,0,0,0
4590400.00,0400.00,459,Saint-Jean-sur-Richelieu,K,24459,24,Quebec / Québec,0,0,0,0,0,0,0,0,0,0,0
5050016.00,0016.00,505,Ottawa - Gatineau (Ontario part / partie de l'Ontario),B,35505,35,Ontario,1,5,0,0,2,2,0,0,1,0,1
5350516.08,0516.08,535,Toronto,B,35535,35,Ontario,0,0,1,0,2,0,0,0,0,0,0
6020539.02,0539.02,602,Winnipeg,B,46602,46,Manitoba,0,0,0,0,0,0,0,0,0,0,0
5500004.03,0004.03,550,Guelph,B,35550,35,Ontario,0,0,0,0,0,0,1,0,0,0,0
8350157.00,0157.00,835,Edmonton,B,48835,48,Alberta,0,1,1,0,3,0,2,1,5,0,0
9300014.00,0014.00,930,Chilliwack,K,59930,59,British Columbia / Colombie-Britannique,0,0,0,0,2,1,2,1,0,0,0
8250076.18,0076.18,825,Calgary,B,48825,48,Alberta,0,0,0,0,0,0,0,0,0,0,0
4620659.11,0659.11,462,Montréal,B,24462,24,Quebec / Québec,0,5,5,1,2,0,1,0,0,0,0
5350208.00,0208.00,535,Toronto,B,35535,35,Ontario,0,5,0,0,5,0,0,2,0,0,0
4210600.06,0600.06,421,Québec,B,24421,24,Quebec / Québec,0,0,2,0,0,1,0,0,1,0,0
5050002.06,0002.06,505,Ottawa - Gatineau (Ontario part / partie de l'Ontario),B,35505,35,Ontario,0,1,0,0,1,0,0,1,1,0,0
8350090.05,0090.05,835,Edmonton,B,48835,48,Alberta,0,1,0,0,0,0,0,0,0,0,0
4620804.02,0804.02,462,Montréal,B,24462,24,Quebec / Québec,1,0,0,0,0,0,0,0,0,0,0
5350400.15,0400.15,535,Toronto,B,35535,35,Ontario,0,1,1,0,1,0,0,0,0,0,1
4420204.00,0204.00,442,Trois-Rivières,B,24442,24,Quebec / Québec,0,0,2,0,2,4,0,0,0,0,0
8350067.01,0067.01,835,Edmonton,B,48835,48,Alberta,0,0,0,0,1,0,0,0,0,0,0
9150102.01,0102.01,915,Kelowna,B,59915,59,British Columbia / Colombie-Britannique,0,0,0,0,0,0,0,0,0,0,0
4620831.08,0831.08,462,Montréal,B,24462,24,Quebec / Québec,0,0,1,0,1,0,0,0,0,0,0
5350363.02,0363.02,535,Toronto,B,35535,35,Ontario,0,0,0,0,1,0,0,0,0,0,0
0010014.00,0014.00,001,St. John's,B,10001,10,Newfoundland and Labrador / Terre-Neuve-et-Labrador,0,7,1,1,3,1,1,0,0,0,0
4210170.03,0170.03,421,Québec,B,24421,24,Quebec / Québec,0,0,0,0,0,0,0,0,0,0,0
5350532.01,0532.01,535,Toronto,B,35535,35,Ontario,0,0,0,0,1,0,0,0,0,0,0
6020541.00,0541.00,602,Winnipeg,B,46602,46,Manitoba,0,0,0,6,6,1,0,1,9,0,0
5350302.03,0302.03,535,Toronto,B,35535,35,Ontario,0,0,0,0,0,0,0,0,0,0,0
4620867.00,0867.00,462,Montréal,B,24462,24,Quebec / Québec,0,1,4,2,10,0,0,0,0,0,0
8250012.00,0012.00,825,Calgary,B,48825,48,Alberta,3,5,1,1,7,2,1,0,2,0,0
6020013.00,0013.00,602,Winnipeg,B,46602,46,Manitoba,0,22,0,0,25,1,2,4,13,0,0
5370143.00,0143.00,537,Hamilton,B,35537,35,Ontario,0,0,1,0,1,0,0,0,1,0,0
0010012.00,0012.00,001,St. John's,B,10001,10,Newfoundland and Labrador / Terre-Neuve-et-Labrador,0,1,0,0,3,0,0,0,1,0,0
8250016.00,0016.00,825,Calgary,B,48825,48,Alberta,0,0,0,1,3,0,1,0,0,0,0
5050029.00,0029.00,505,Ottawa - Gatineau (Ontario part / partie de l'Ontario),B,35505,35,Ontario,1,1,1,0,1,0,0,0,1,0,0
5350347.00,0347.00,535,Toronto,B,35535,35,Ontario,0,0,0,0,2,1,0,0,0,0,0
9330504.12,0504.12,933,Vancouver,B,59933,59,British Columbia / Colombie-Britannique,0,0,0,0,1,0,0,0,0,0,0
4210022.00,0022.00,421,Québec,B,24421,24,Quebec / Québec,0,4,1,0,12,5,0,1,1,3,0
5350591.02,0591.02,535,Toronto,B,35535,35,Ontario,0,1,0,0,2,0,0,0,0,0,1
5410124.00,0124.00,541,Kitchener - Cambridge - Waterloo,B,35541,35,Ontario,1,19,3,1,14,2,0,2,2,0,0
4620853.02,0853.02,462,Montréal,B,24462,24,Quebec / Québec,0,0,1,0,0,0,0,0,1,0,0
4080107.04,0107.04,408,Saguenay,B,24408,24,Quebec / Québec,0,0,0,0,1,0,0,0,1,0,0
5950007.00,0007.00,595,Thunder Bay,B,35595,35,Ontario,0,2,0,0,3,1,1,0,1,0,1
5350374.03,0374.03,535,Toronto,B,35535,35,Ontario,0,0,0,0,1,0,0,0,0,0,0
5350062.02,0062.02,535,Toronto,B,35535,35,Ontario,2,7,1,1,10,1,0,2,4,0,0
5350504.00,0504.00,535,Toronto,B,35535,35,Ontario,0,1,0,0,0,0,0,0,0,0,1
9350180.01,0180.01,935,Victoria,B,59935,59,British Columbia / Colombie-Britannique,0,1,0,0,3,1,0,0,4,0,0
5350516.42,0516.42,535,Toronto,B,35535,35,Ontario,0,0,0,0,1,0,1,1,0,0,0
8250038.21,0038.21,825,Calgary,B,48825,48,Alberta,0,0,0,0,0,1,1,0,0,0,0
8250021.00,0021.00,825,Calgary,B,48825,48,Alberta,2,0,0,0,8,0,3,1,0,0,0
8250077.06,0077.06,825,Calgary,B,48825,48,Alberta,0,0,1,0,0,0,1,0,0,0,0
5370217.02,0217.02,537,Hamilton,B,35537,35,Ontario,0,16,0,0,4,0,1,3,4,0,0
8350150.00,0150.00,835,Edmonton,B,48835,48,Alberta,1,0,0,1,4,0,2,0,6,0,0
5350034.02,0034.02,535,Toronto,B,35535,35,Ontario,3,9,1,1,10,0,0,2,3,1,0
5500015.00,0015.00,550,Guelph,B,35550,35,Ontario,0,1,2,1,8,0,1,2,5,0,1
5390211.00,0211.00,539,St. Catharines - Niagara,B,35539,35,Ontario,0,0,0,0,0,0,0,0,1,0,0
5350401.15,0401.15,535,Toronto,B,35535,35,Ontario,1,0,0,0,1,0,0,0,0,0,0
4620783.00,0783.00,462,Montréal,B,24462,24,Quebec / Québec,0,9,2,0,5,4,1,1,3,0,0
5050055.00,0055.00,505,Ottawa - Gatineau (Ontario part / partie de l'Ontario),B,35505,35,Ontario,2,0,1,2,2,0,0,0,2,0,0
5350009.00,0009.00,535,Toronto,B,35535,35,Ontario,1,0,0,0,0,0,0,0,0,0,0
2050130.01,0130.01,205,Halifax,B,12205,12,Nova Scotia / Nouvelle-Écosse,0,0,0,0,1,0,0,0,0,0,0
4620275.00,0275.00,462,Montréal,B,24462,24,Quebec / Québec,0,3,0,0,1,2,0,0,0,0,0
6020120.02,0120.02,602,Winnipeg,B,46602,46,Manitoba,0,0,0,0,1,0,0,0,0,0,0
9330122.00,0122.00,933,Vancouver,B,59933,59,British Columbia / Colombie-Britannique,0,0,0,0,1,0,0,0,1,0,0
9330181.07,0181.07,933,Vancouver,B,59933,59,British Columbia / Colombie-Britannique,0,2,0,0,0,0,0,1,3,0,0
5350605.00,0605.00,535,Toronto,B,35535,35,Ontario,1,1,1,1,2,1,1,0,0,0,0
5320202.07,0202.07,532,Oshawa,B,35532,35,Ontario,0,0,0,0,0,0,0,0,0,0,0
5050170.13,0170.13,505,Ottawa - Gatineau (Ontario part / partie de l'Ontario),B,35505,35,Ontario,0,1,0,0,0,0,0,0,0,0,0
8350020.00,0020.00,835,Edmonton,B,48835,48,Alberta,2,0,2,1,7,1,3,1,1,0,0
4620490.00,0490.00,462,Montréal,B,24462,24,Quebec / Québec,0,0,1,0,2,0,0,0,0,0,0
9330063.00,0063.00,933,Vancouver,B,59933,59,British Columbia / Colombie-Britannique,0,1,0,0,2,0,0,1,3,0,0
5050821.02,0821.02,505,Ottawa - Gatineau (partie du Québec / Quebec part),B,24505,24,Quebec / Québec,0,0,0,0,0,1,0,0,0,0,0
4620120.02,0120.02,462,Montréal,B,24462,24,Quebec / Québec,0,1,0,0,1,1,0,0,0,0,0
4620627.00,0627.00,462,Montréal,B,24462,24,Quebec / Québec,0,2,2,1,5,2,1,0,0,0,0
2050013.00,0013.00,205,Halifax,B,12205,12,Nova Scotia / Nouvelle-Écosse,0,0,0,0,0,0,0,0,2,0,0
5950022.06,0022.06,595,Thunder Bay,B,35595,35,Ontario,0,0,0,0,1,0,0,0,2,0,1
5370207.03,0207.03,537,Hamilton,B,35537,35,Ontario,0,0,0,0,0,0,0,0,0,0,0
5350070.00,0070.00,535,Toronto,B,35535,35,Ontario,1,4,0,1,2,2,1,0,1,0,0
4620023.00,0023.00,462,Montréal,B,24462,24,Quebec / Québec,0,0,0,0,0,1,1,0,1,0,0
9150014.00,0014.00,915,Kelowna,B,59915,59,British Columbia / Colombie-Britannique,0,2,2,0,3,0,0,0,3,0,0
9330181.14,0181.14,933,Vancouver,B,59933,59,British Columbia / Colombie-Britannique,0,2,1,0,1,2,4,1,0,0,0
4620700.04,0700.04,462,Montréal,B,24462,24,Quebec / Québec,0,0,0,0,1,1,0,0,1,0,0
4620236.00,0236.00,462,Montréal,B,24462,24,Quebec / Québec,0,0,0,0,0,2,0,0,0,0,0
9320106.05,0106.05,932,Abbotsford - Mission,B,59932,59,British Columbia / Colombie-Britannique,0,0,0,0,0,0,0,0,1,0,0
4620232.00,0232.00,462,Montréal,B,24462,24,Quebec / Québec,0,4,0,1,8,0,0,0,3,0,0
5350601.00,0601.00,535,Toronto,B,35535,35,Ontario,1,6,0,0,0,0,0,0,0,0,0
8350062.00,0062.00,835,Edmonton,B,48835,48,Alberta,0,1,0,0,1,2,1,0,0,0,0
4620735.02,0735.02,462,Montréal,B,24462,24,Quebec / Québec,0,1,1,0,1,0,1,0,2,0,0
8350106.01,0106.01,835,Edmonton,B,48835,48,Alberta,1,0,1,0,0,0,2,0,5,0,0
5350501.01,0501.01,535,Toronto,B,35535,35,Ontario,0,5,1,0,2,1,3,0,2,0,0
8100013.00,0013.00,810,Lethbridge,K,48810,48,Alberta,0,0,0,0,2,1,1,0,0,0,0
5350299.01,0299.01,535,Toronto,B,35535,35,Ontario,1,13,1,0,1,0,0,3,1,0,0
4620751.02,0751.02,462,Montréal,B,24462,24,Quebec / Québec,0,1,0,0,0,0,0,0,0,0,0
4620030.00,0030.00,462,Montréal,B,24462,24,Quebec / Québec,0,4,2,0,3,0,0,0,1,0,0
4620801.00,0801.00,462,Montréal,B,24462,24,Quebec / Québec,1,3,3,0,5,1,0,0,0,0,0
7250011.01,0011.01,725,Saskatoon,B,47725,47,Saskatchewan,0,1,0,0,1,0,1,2,0,0,0
5050038.00,0038.00,505,Ottawa - Gatineau (Ontario part / partie de l'Ontario),B,35505,35,Ontario,0,21,1,3,29,6,0,1,1,0,0
5950002.00,0002.00,595,Thunder Bay,B,35595,35,Ontario,0,0,0,0,1,0,1,0,0,0,0
7250012.03,0012.03,725,Saskatoon,B,47725,47,Saskatchewan,0,0,2,1,0,1,0,0,0,0,0
8250001.11,0001.11,825,Calgary,B,48825,48,Alberta,4,8,1,0,2,3,4,2,2,0,0
4080120.01,0120.01,408,Saguenay,B,24408,24,Quebec / Québec,0,0,1,0,2,0,0,0,0,0,0
4080003.02,0003.02,408,Saguenay,B,24408,24,Quebec / Québec,0,1,0,0,1,0,1,0,1,0,0
4620251.01,0251.01,462,Montréal,B,24462,24,Quebec / Québec,1,1,2,0,0,0,0,0,0,0,0
9350123.02,0123.02,935,Victoria,B,59935,59,British Columbia / Colombie-Britannique,1,0,0,0,0,0,1,0,2,0,0
6020530.00,0530.00,602,Winnipeg,B,46602,46,Manitoba,0,1,1,2,2,0,0,1,1,0,0
6020560.07,0560.07,602,Winnipeg,B,46602,46,Manitoba,0,0,0,0,3,0,1,0,0,0,0
8250007.01,0007.01,825,Calgary,B,48825,48,Alberta,1,2,0,0,2,1,2,0,0,0,0
4210290.04,0290.04,421,Québec,B,24421,24,Quebec / Québec,0,1,1,0,0,0,0,0,0,0,0
4620610.02,0610.02,462,Montréal,B,24462,24,Quebec / Québec,1,1,1,0,1,0,0,0,0,1,0
5350612.23,0612.23,535,Toronto,B,35535,35,Ontario,0,0,1,0,0,0,0,0,0,0,0
9330223.02,0223.02,933,Vancouver,B,59933,59,British Columbia / Colombie-Britannique,0,2,0,1,1,1,0,0,1,0,0
8250049.03,0049.03,825,Calgary,B,48825,48,Alberta,0,3,0,0,3,1,2,0,1,0,0
6020015.00,0015.00,602,Winnipeg,B,46602,46,Manitoba,1,6,0,1,12,0,0,0,4,0,0
5350452.03,0452.03,535,Toronto,B,35535,35,Ontario,0,1,1,0,5,0,1,1,1,0,0
5550036.00,0036.00,555,London,B,35555,35,Ontario,1,1,1,1,8,0,4,0,0,0,0
5750002.00,0002.00,575,North Bay,K,35575,35,Ontario,0,0,0,1,0,0,1,0,12,0,0
5350376.02,0376.02,535,Toronto,B,35535,35,Ontario,0,2,0,0,3,0,0,1,0,0,0
9330120.00,0120.00,933,Vancouver,B,59933,59,British Columbia / Colombie-Britannique,0,0,0,0,0,0,0,0,1,0,0
4590206.00,0206.00,459,Saint-Jean-sur-Richelieu,K,24459,24,Quebec / Québec,0,0,0,0,0,0,0,0,0,0,0
4620470.04,0470.04,462,Montréal,B,24462,24,Quebec / Québec,0,2,0,1,1,0,0,0,0,0,0
8350078.06,0078.06,835,Edmonton,B,48835,48,Alberta,1,1,1,0,2,1,1,0,0,0,1
4590012.00,0012.00,459,Saint-Jean-sur-Richelieu,K,24459,24,Quebec / Québec,0,3,1,0,1,1,1,4,2,0,0
4620610.04,0610.04,462,Montréal,B,24462,24,Quebec / Québec,0,0,1,0,1,0,0,0,0,0,0
7050020.00,0020.00,705,Regina,B,47705,47,Saskatchewan,0,0,0,0,2,0,0,0,0,0,0
5350820.02,0820.02,535,Toronto,B,35535,35,Ontario,0,4,0,0,0,0,0,1,1,0,1
5410021.00,0021.00,541,Kitchener - Cambridge - Waterloo,B,35541,35,Ontario,0,1,0,0,6,0,1,1,1,0,1
9330183.04,0183.04,933,Vancouver,B,59933,59,British Columbia / Colombie-Britannique,1,0,0,0,0,2,1,0,1,0,0
4210025.00,0025.00,421,Québec,B,24421,24,Quebec / Québec,0,6,0,0,9,2,0,1,6,0,0
5350484.01,0484.01,535,Toronto,B,35535,35,Ontario,0,0,0,0,0,0,0,0,1,0,0
6020100.06,0100.06,602,Winnipeg,B,46602,46,Manitoba,0,0,0,0,0,0,0,0,0,0,0
6020022.00,0022.00,602,Winnipeg,B,46602,46,Manitoba,0,2,0,1,7,0,0,0,1,0,0
5350260.01,0260.01,535,Toronto,B,35535,35,Ontario,0,0,0,0,1,0,0,0,0,0,0
4210120.01,0120.01,421,Québec,B,24421,24,Quebec / Québec,0,2,1,0,1,4,1,0,1,0,0
6020600.00,0600.00,602,Winnipeg,B,46602,46,Manitoba,0,1,1,0,3,0,0,0,2,0,0
8250002.11,0002.11,825,Calgary,B,48825,48,Alberta,0,0,0,0,1,0,0,0,0,0,0
5370221.00,0221.00,537,Hamilton,B,35537,35,Ontario,0,0,0,0,0,0,0,0,0,0,0
9330402.03,0402.03,933,Vancouver,B,59933,59,British Columbia / Colombie-Britannique,0,1,1,0,2,1,0,1,0,1,1
7250100.02,0100.02,725,Saskatoon,B,47725,47,Saskatchewan,0,0,0,0,0,0,0,0,0,0,0
9150017.00,0017.00,915,Kelowna,B,59915,59,British Columbia / Colombie-Britannique,0,1,0,0,1,1,0,0,0,0,0
9330038.00,0038.00,933,Vancouver,B,59933,59,British Columbia / Colombie-Britannique,1,2,2,0,8,1,0,1,2,0,2
8250075.02,0075.02,825,Calgary,B,48825,48,Alberta,0,0,1,0,1,1,1,0,0,0,0
5800001.05,0001.05,580,Greater Sudbury / Grand Sudbury,B,35580,35,Ontario,0,0,0,0,0,0,0,0,0,0,0
4620862.00,0862.00,462,Montréal,B,24462,24,Quebec / Québec,0,3,1,0,3,0,0,2,0,0,0
4620141.00,0141.00,462,Montréal,B,24462,24,Quebec / Québec,0,0,0,0,1,3,0,1,0,0,0
9320106.03,0106.03,932,Abbotsford - Mission,B,59932,59,British Columbia / Colombie-Britannique,0,0,0,0,0,0,0,0,0,0,0
5350274.01,0274.01,535,Toronto,B,35535,35,Ontario,0,0,0,0,0,0,0,0,0,0,0
4210273.01,0273.01,421,Québec,B,24421,24,Quebec / Québec,0,1,0,1,4,1,0,0,0,0,0
4620250.00,0250.00,462,Montréal,B,24462,24,Quebec / Québec,0,0,0,0,2,1,0,1,0,0,0
5350377.01,0377.01,535,Toronto,B,35535,35,Ontario,0,13,0,0,3,0,0,0,2,0,0
5050810.02,0810.02,505,Ottawa - Gatineau (partie du Québec / Quebec part),B,24505,24,Quebec / Québec,0,1,0,0,4,0,0,0,0,0,0
4620100.02,0100.02,462,Montréal,B,24462,24,Quebec / Québec,0,0,0,0,0,0,0,0,0,0,0
0010005.01,0005.01,001,St. John's,B,10001,10,Newfoundland and Labrador / Terre-Neuve-et-Labrador,1,1,0,3,2,0,1,0,2,0,0
9380010.00,0010.00,938,Nanaimo,K,59938,59,British Columbia / Colombie-Britannique,0,1,0,0,0,0,0,0,0,0,0
5350305.03,0305.03,535,Toronto,B,35535,35,Ontario,0,1,0,0,0,0,0,1,0,0,0
5050011.01,0011.01,505,Ottawa - Gatineau (Ontario part / partie de l'Ontario),B,35505,35,Ontario,1,3,4,3,20,1,0,0,0,0,0
5050504.05,0504.05,505,Ottawa - Gatineau (partie du Québec / Quebec part),B,24505,24,Quebec / Québec,0,2,1,0,1,0,0,0,0,0,0
5050137.04,0137.04,505,Ottawa - Gatineau (Ontario part / partie de l'Ontario),B,35505,35,Ontario,0,1,0,0,0,0,0,0,0,0,0
5350083.00,0083.00,535,Toronto,B,35535,35,Ontario,1,6,2,0,3,3,0,1,0,0,0
5350528.33,0528.33,535,Toronto,B,35535,35,Ontario,0,2,0,0,0,0,0,1,0,0,0
9330184.12,0184.12,933,Vancouver,B,59933,59,British Columbia / Colombie-Britannique,0,0,0,0,1,0,0,0,0,0,0
5050124.02,0124.02,505,Ottawa - Gatineau (Ontario part / partie de l'Ontario),B,35505,35,Ontario,0,0,0,0,0,0,0,0,1,0,0
5950100.04,0100.04,595,Thunder Bay,B,35595,35,Ontario,0,0,0,0,1,0,0,0,5,0,0
4620828.06,0828.06,462,Montréal,B,24462,24,Quebec / Québec,0,0,0,0,0,1,0,0,0,0,0
5350810.04,0810.04,535,Toronto,B,35535,35,Ontario,2,0,0,1,4,2,1,0,0,0,0
5350420.14,0420.14,535,Toronto,B,35535,35,Ontario,0,1,0,0,0,0,0,0,0,0,0
4620224.00,0224.00,462,Montréal,B,24462,24,Quebec / Québec,0,0,0,0,3,1,0,0,0,0,0
6020538.00,0538.00,602,Winnipeg,B,46602,46,Manitoba,0,0,1,0,1,0,0,0,2,0,0
5500009.03,0009.03,550,Guelph,B,35550,35,Ontario,0,0,0,0,0,0,0,0,0,0,0
5370301.00,0301.00,537,Hamilton,B,35537,35,Ontario,0,0,0,0,1,1,2,1,3,0,0
5750011.00,0011.00,575,North Bay,K,35575,35,Ontario,0,0,1,0,1,0,0,0,0,0,0
4620727.02,0727.02,462,Montréal,B,24462,24,Quebec / Québec,0,4,3,1,4,0,0,0,0,0,0
5350378.21,0378.21,535,Toronto,B,35535,35,Ontario,0,0,0,0,0,0,0,0,0,0,0
4620826.10,0826.10,462,Montréal,B,24462,24,Quebec / Québec,0,0,0,0,1,0,0,0,0,0,0
5350120.00,0120.00,535,Toronto,B,35535,35,Ontario,0,6,0,0,5,0,0,0,0,0,0
5370029.00,0029.00,537,Hamilton,B,35537,35,Ontario,0,2,2,0,1,0,1,0,0,0,0
6020112.02,0112.02,602,Winnipeg,B,46602,46,Manitoba,0,0,0,1,0,0,0,0,0,0,0
4620734.03,0734.03,462,Montréal,B,24462,24,Quebec / Québec,0,1,0,0,0,1,0,0,0,0,0
4620703.04,0703.04,462,Montréal,B,24462,24,Quebec / Québec,0,5,2,0,0,0,0,0,0,0,0
5370026.04,0026.04,537,Hamilton,B,35537,35,Ontario,0,0,0,0,0,0,0,0,0,0,0
5320016.01,0016.01,532,Oshawa,B,35532,35,Ontario,0,1,1,0,0,0,0,0,0,0,0
4620901.01,0901.01,462,Montréal,B,24462,24,Quebec / Québec,2,2,4,1,8,1,1,1,1,0,1
4620196.00,0196.00,462,Montréal,B,24462,24,Quebec / Québec,0,0,0,0,1,1,0,0,0,0,0
8250043.00,0043.00,825,Calgary,B,48825,48,Alberta,2,97,4,7,44,18,3,12,17,0,0
4330111.02,0111.02,433,Sherbrooke,B,24433,24,Quebec / Québec,0,0,0,0,1,0,0,0,0,0,0
5350430.03,0430.03,535,Toronto,B,35535,35,Ontario,0,1,2,0,2,0,0,0,0,0,0
4620041.00,0041.00,462,Montréal,B,24462,24,Quebec / Québec,1,0,0,1,2,2,0,0,2,0,0
9330502.03,0502.03,933,Vancouver,B,59933,59,British Columbia / Colombie-Britannique,0,1,0,0,1,2,0,1,0,1,0
5370144.01,0144.01,537,Hamilton,B,35537,35,Ontario,0,0,1,0,2,0,0,0,1,0,0
8250019.00,0019.00,825,Calgary,B,48825,48,Alberta,0,1,0,0,4,2,2,1,0,0,1
9320001.00,0001.00,932,Abbotsford - Mission,B,59932,59,British Columbia / Colombie-Britannique,1,0,0,0,1,0,0,0,1,0,0
9330503.03,0503.03,933,Vancouver,B,59933,59,British Columbia / Colombie-Britannique,0,0,2,0,1,0,0,0,1,1,0
8350110.02,0110.02,835,Edmonton,B,48835,48,Alberta,1,0,1,0,3,0,3,0,2,0,0
5390015.00,0015.00,539,St. Catharines - Niagara,B,35539,35,Ontario,0,1,0,0,1,0,0,0,0,0,0
5410109.02,0109.02,541,Kitchener - Cambridge - Waterloo,B,35541,35,Ontario,0,1,0,0,0,0,0,0,0,0,0
4210835.04,0835.04,421,Québec,B,24421,24,Quebec / Québec,0,1,2,0,1,1,0,1,0,0,0
9330404.02,0404.02,933,Vancouver,B,59933,59,British Columbia / Colombie-Britannique,0,0,0,0,2,1,0,0,1,0,1
5290001.01,0001.01,529,Peterborough,B,35529,35,Ontario,0,0,0,0,2,0,1,0,1,0,0
4330400.04,0400.04,433,Sherbrooke,B,24433,24,Quebec / Québec,0,1,0,0,4,2,1,0,12,0,0
4620307.00,0307.00,462,Montréal,B,24462,24,Quebec / Québec,0,0,1,0,4,0,0,0,0,0,0
5590036.00,0036.00,559,Windsor,B,35559,35,Ontario,0,13,2,0,3,3,0,0,2,0,0
4620682.06,0682.06,462,Montréal,B,24462,24,Quebec / Québec,0,1,0,0,2,0,0,0,0,0,0
6020510.02,0510.02,602,Winnipeg,B,46602,46,Manitoba,0,0,2,0,2,0,1,0,0,0,0
4210271.02,0271.02,421,Québec,B,24421,24,Quebec / Québec,0,2,5,0,10,0,0,0,1,0,0
8250052.03,0052.03,825,Calgary,B,48825,48,Alberta,0,3,0,0,1,0,0,1,0,0,0
7250019.00,0019.00,725,Saskatoon,B,47725,47,Saskatchewan,0,0,0,0,1,0,0,0,0,0,0
4620110.00,0110.00,462,Montréal,B,24462,24,Quebec / Québec,0,3,0,0,1,1,0,0,0,0,0
5290001.02,0001.02,529,Peterborough,B,35529,35,Ontario,1,0,0,0,5,0,0,0,4,0,0
4620704.06,0704.06,462,Montréal,B,24462,24,Quebec / Québec,0,1,0,0,1,1,1,0,0,0,0
5590120.01,0120.01,559,Windsor,B,35559,35,Ontario,0,2,0,0,0,0,0,0,0,0,0
9330191.04,0191.04,933,Vancouver,B,59933,59,British Columbia / Colombie-Britannique,0,6,1,0,1,0,1,3,0,0,0
6020005.00,0005.00,602,Winnipeg,B,46602,46,Manitoba,0,2,1,0,1,0,0,2,0,0,0
5350125.00,0125.00,535,Toronto,B,35535,35,Ontario,0,1,0,0,0,0,1,0,2,0,0
9330067.01,0067.01,933,Vancouver,B,59933,59,British Columbia / Colombie-Britannique,0,0,0,0,1,0,1,0,1,0,0
5370122.01,0122.01,537,Hamilton,B,35537,35,Ontario,0,2,0,0,1,0,1,0,0,0,0
5320101.03,0101.03,532,Oshawa,B,35532,35,Ontario,0,0,0,0,0,0,0,0,0,0,0
5590042.00,0042.00,559,Windsor,B,35559,35,Ontario,0,2,0,0,1,1,0,0,0,0,1
9320010.00,0010.00,932,Abbotsford - Mission,B,59932,59,British Columbia / Colombie-Britannique,0,0,0,0,0,0,0,0,0,0,0
5550233.00,0233.00,555,London,B,35555,35,Ontario,1,0,0,0,1,0,1,0,0,0,0
5350315.03,0315.03,535,Toronto,B,35535,35,Ontario,1,7,0,1,19,2,0,2,0,0,0
5350401.10,0401.10,535,Toronto,B,35535,35,Ontario,0,11,0,0,5,0,0,1,1,0,0
9380004.00,0004.00,938,Nanaimo,K,59938,59,British Columbia / Colombie-Britannique,0,1,0,0,0,0,0,0,1,0,0
5350420.08,0420.08,535,Toronto,B,35535,35,Ontario,1,1,0,0,0,0,1,0,0,0,0
5550201.00,0201.00,555,London,B,35555,35,Ontario,1,0,2,0,1,0,0,0,0,0,0
9380001.02,0001.02,938,Nanaimo,K,59938,59,British Columbia / Colombie-Britannique,0,0,0,0,0,0,0,0,3,0,0
8350048.00,0048.00,835,Edmonton,B,48835,48,Alberta,1,2,1,1,10,1,1,1,1,0,1
4620290.07,0290.07,462,Montréal,B,24462,24,Quebec / Québec,0,0,1,0,1,0,0,0,0,0,0
5370223.14,0223.14,537,Hamilton,B,35537,35,Ontario,0,0,0,0,0,0,0,0,0,0,0
4470009.00,0009.00,447,Drummondville,K,24447,24,Quebec / Québec,0,2,0,0,3,0,0,0,1,0,0
9330045.01,0045.01,933,Vancouver,B,59933,59,British Columbia / Colombie-Britannique,0,2,0,0,1,1,0,1,1,0,1
4620096.00,0096.00,462,Montréal,B,24462,24,Quebec / Québec,0,1,0,0,3,0,0,0,0,0,0
5350575.03,0575.03,535,Toronto,B,35535,35,Ontario,0,0,0,0,0,0,0,0,0,0,0
5350510.00,0510.00,535,Toronto,B,35535,35,Ontario,1,9,1,0,7,3,3,6,4,0,1
5350376.15,0376.15,535,Toronto,B,35535,35,Ontario,0,0,0,0,0,0,0,0,0,0,0
5350520.02,0520.02,535,Toronto,B,35535,35,Ontario,0,0,0,0,1,0,0,0,0,0,1
4210901.00,0901.00,421,Québec,B,24421,24,Quebec / Québec,0,1,0,0,2,0,0,0,3,0,0
5390333.00,0333.00,539,St. Catharines - Niagara,B,35539,35,Ontario,0,0,1,0,2,0,0,0,0,0,0
5410009.05,0009.05,541,Kitchener - Cambridge - Waterloo,B,35541,35,Ontario,0,0,1,0,1,0,0,1,0,0,0
4620523.00,0523.00,462,Montréal,B,24462,24,Quebec / Québec,0,0,0,0,0,0,0,0,0,0,0
9330101.05,0101.05,933,Vancouver,B,59933,59,British Columbia / Colombie-Britannique,0,1,0,1,0,0,1,0,0,0,0
4210020.00,0020.00,421,Québec,B,24421,24,Quebec / Québec,0,1,0,2,8,2,0,2,5,0,0
5500012.00,0012.00,550,Guelph,B,35550,35,Ontario,3,1,1,2,3,0,0,0,1,0,0
2050132.03,0132.03,205,Halifax,B,12205,12,Nova Scotia / Nouvelle-Écosse,0,0,0,0,0,0,0,0,0,0,0
4620291.03,0291.03,462,Montréal,B,24462,24,Quebec / Québec,0,0,0,0,0,0,0,0,0,0,0
5210015.00,0015.00,521,Kingston,B,35521,35,Ontario,0,1,0,0,1,0,2,2,3,0,0
4620826.13,0826.13,462,Montréal,B,24462,24,Quebec / Québec,0,0,0,0,0,0,0,0,0,0,0
4210110.00,0110.00,421,Québec,B,24421,24,Quebec / Québec,1,5,3,1,3,0,0,0,4,0,0
9330233.00,0233.00,933,Vancouver,B,59933,59,British Columbia / Colombie-Britannique,0,1,1,0,5,0,0,0,1,0,0
5320202.09,0202.09,532,Oshawa,B,35532,35,Ontario,0,0,0,0,0,0,0,0,0,0,0
5370004.02,0004.02,537,Hamilton,B,35537,35,Ontario,0,0,0,0,0,0,0,1,0,0,0
8250046.01,0046.01,825,Calgary,B,48825,48,Alberta,3,11,0,0,15,4,3,1,3,0,0
5350369.00,0369.00,535,Toronto,B,35535,35,Ontario,0,1,1,0,5,0,0,1,0,0,0
6020142.01,0142.01,602,Winnipeg,B,46602,46,Manitoba,0,6,0,0,2,1,1,1,1,0,1
5620102.02,0102.02,562,Sarnia,K,35562,35,Ontario,0,5,1,0,2,0,1,1,0,0,0
5050062.01,0062.01,505,Ottawa - Gatineau (Ontario part / partie de l'Ontario),B,35505,35,Ontario,0,0,0,0,1,0,0,1,0,0,0
5370085.01,0085.01,537,Hamilton,B,35537,35,Ontario,0,0,1,0,0,0,0,0,0,0,0
9330151.06,0151.06,933,Vancouver,B,59933,59,British Columbia / Colombie-Britannique,0,1,0,0,2,0,0,0,1,0,0
4620684.08,0684.08,462,Montréal,B,24462,24,Quebec / Québec,0,0,0,0,0,1,0,0,0,0,0
5350411.01,0411.01,535,Toronto,B,35535,35,Ontario,2,2,2,0,2,0,0,0,0,0,0
4470103.00,0103.00,447,Drummondville,K,24447,24,Quebec / Québec,1,0,3,0,1,2,0,0,1,0,0
9330002.01,0002.01,933,Vancouver,B,59933,59,British Columbia / Colombie-Britannique,0,1,0,0,1,0,0,0,0,0,0
7050028.01,0028.01,705,Regina,B,47705,47,Saskatchewan,0,0,0,0,1,0,0,0,0,0,0
9330504.10,0504.10,933,Vancouver,B,59933,59,British Columbia / Colombie-Britannique,0,5,0,0,1,1,1,2,0,0,0
4621001.00,1001.00,462,Montréal,B,24462,24,Quebec / Québec,0,0,0,0,0,1,0,0,1,0,0
4620641.01,0641.01,462,Montréal,B,24462,24,Quebec / Québec,0,1,1,0,2,0,2,0,0,0,0
5050026.00,0026.00,505,Ottawa - Gatineau (Ontario part / partie de l'Ontario),B,35505,35,Ontario,0,0,0,0,2,0,1,0,0,0,0
8250061.00,0061.00,825,Calgary,B,48825,48,Alberta,3,15,3,4,44,5,6,3,15,0,0
5350470.00,0470.00,535,Toronto,B,35535,35,Ontario,0,0,0,1,0,1,1,0,3,0,0
5620011.00,0011.00,562,Sarnia,K,35562,35,Ontario,0,1,0,0,2,0,0,0,0,0,0
5350241.00,0241.00,535,Toronto,B,35535,35,Ontario,0,1,0,0,1,0,0,0,0,0,0
4620550.02,0550.02,462,Montréal,B,24462,24,Quebec / Québec,0,0,0,0,0,0,0,0,0,0,0
4620887.07,0887.07,462,Montréal,B,24462,24,Quebec / Québec,0,1,0,0,1,2,0,0,1,0,0
4620690.00,0690.00,462,Montréal,B,24462,24,Quebec / Québec,0,1,0,1,2,1,0,0,0,0,0
9330181.13,0181.13,933,Vancouver,B,59933,59,British Columbia / Colombie-Britannique,0,0,1,0,2,0,0,1,0,0,0
9300003.00,0003.00,930,Chilliwack,K,59930,59,British Columbia / Colombie-Britannique,0,1,0,0,3,0,0,0,0,0,0
4080008.00,0008.00,408,Saguenay,B,24408,24,Quebec / Québec,0,0,0,0,1,0,0,0,0,0,0
4210140.01,0140.01,421,Québec,B,24421,24,Quebec / Québec,0,1,1,0,1,0,0,0,1,0,0
5050141.14,0141.14,505,Ottawa - Gatineau (Ontario part / partie de l'Ontario),B,35505,35,Ontario,0,1,0,0,2,0,0,0,0,0,0
6020590.04,0590.04,602,Winnipeg,B,46602,46,Manitoba,0,1,0,0,0,0,0,0,0,0,0
5350017.00,0017.00,535,Toronto,B,35535,35,Ontario,0,6,0,1,14,3,0,0,0,0,1
4620208.00,0208.00,462,Montréal,B,24462,24,Quebec / Québec,0,0,0,0,3,2,0,0,0,0,0
5370140.04,0140.04,537,Hamilton,B,35537,35,Ontario,0,0,0,0,1,1,1,0,1,0,0
9380015.00,0015.00,938,Nanaimo,K,59938,59,British Columbia / Colombie-Britannique,3,33,3,3,13,10,3,6,10,0,0
8250058.00,0058.00,825,Calgary,B,48825,48,Alberta,2,5,0,0,2,2,1,1,3,0,0
5350374.02,0374.02,535,Toronto,B,35535,35,Ontario,0,1,0,0,1,0,0,0,0,0,1
9350009.00,0009.00,935,Victoria,B,59935,59,British Columbia / Colombie-Britannique,2,2,0,1,3,1,1,0,0,0,0
5350520.07,0520.07,535,Toronto,B,35535,35,Ontario,1,3,0,0,2,0,3,3,2,0,0
5410125.00,0125.00,541,Kitchener - Cambridge - Waterloo,B,35541,35,Ontario,1,1,1,0,3,0,2,0,0,0,0
5350528.13,0528.13,535,Toronto,B,35535,35,Ontario,0,0,0,0,0,0,0,0,0,0,0
5350576.36,0576.36,535,Toronto,B,35535,35,Ontario,0,0,0,0,0,0,0,0,0,0,0
8350090.06,0090.06,835,Edmonton,B,48835,48,Alberta,0,0,0,0,2,0,0,0,0,0,0
5320101.04,0101.04,532,Oshawa,B,35532,35,Ontario,0,1,0,0,0,0,0,0,1,0,0
5350312.05,0312.05,535,Toronto,B,35535,35,Ontario,0,1,0,0,2,0,0,1,0,0,0
5350400.23,0400.23,535,Toronto,B,35535,35,Ontario,0,1,0,0,0,0,0,0,0,0,0
5350613.03,0613.03,535,Toronto,B,35535,35,Ontario,0,0,1,0,0,0,0,0,0,0,0
9330145.02,0145.02,933,Vancouver,B,59933,59,British Columbia / Colombie-Britannique,0,0,0,0,1,0,1,1,0,0,1
5350411.19,0411.19,535,Toronto,B,35535,35,Ontario,0,0,1,0,1,0,1,0,0,0,0
5500004.01,0004.01,550,Guelph,B,35550,35,Ontario,0,0,0,0,1,0,0,0,0,0,0
3050014.02,0014.02,305,Moncton,B,13305,13,New Brunswick / Nouveau-Brunswick,0,0,0,0,0,1,0,0,0,0,0
4620877.01,0877.01,462,Montréal,B,24462,24,Quebec / Québec,1,2,3,0,1,0,0,0,0,0,0
9350008.00,0008.00,935,Victoria,B,59935,59,British Columbia / Colombie-Britannique,0,6,1,1,5,0,0,0,0,0,1
9330181.08,0181.08,933,Vancouver,B,59933,59,British Columbia / Colombie-Britannique,0,0,0,1,0,0,0,0,3,0,0
4620183.00,0183.00,462,Montréal,B,24462,24,Quebec / Québec,0,0,0,0,0,2,0,0,0,0,0
5350505.01,0505.01,535,Toronto,B,35535,35,Ontario,0,0,0,0,1,0,0,0,0,0,0
5350411.21,0411.21,535,Toronto,B,35535,35,Ontario,0,0,0,0,0,0,0,0,0,0,0
5550027.03,0027.03,555,London,B,35555,35,Ontario,0,0,0,0,0,0,0,0,1,0,0
4620901.02,0901.02,462,Montréal,B,24462,24,Quebec / Québec,0,0,0,0,2,3,0,0,1,0,0
9380003.00,0003.00,938,Nanaimo,K,59938,59,British Columbia / Colombie-Britannique,0,3,0,0,1,1,1,0,1,0,0
8250001.38,0001.38,825,Calgary,B,48825,48,Alberta,0,0,0,0,0,0,0,0,0,0,0
5590029.00,0029.00,559,Windsor,B,35559,35,Ontario,0,2,0,0,1,0,0,0,0,0,0
4590205.00,0205.00,459,Saint-Jean-sur-Richelieu,K,24459,24,Quebec / Québec,0,0,1,0,1,0,0,0,0,0,0
9330170.05,0170.05,933,Vancouver,B,59933,59,British Columbia / Colombie-Britannique,1,3,0,0,0,0,0,3,0,0,1
9330189.08,0189.08,933,Vancouver,B,59933,59,British Columbia / Colombie-Britannique,0,0,0,0,0,0,1,0,1,0,1
6020024.00,0024.00,602,Winnipeg,B,46602,46,Manitoba,0,4,0,0,13,5,1,1,4,0,0
5350164.00,0164.00,535,Toronto,B,35535,35,Ontario,0,1,0,0,0,2,0,0,0,0,0
8350120.03,0120.03,835,Edmonton,B,48835,48,Alberta,1,1,3,0,0,0,3,1,1,0,0
5350081.00,0081.00,535,Toronto,B,35535,35,Ontario,0,1,1,0,6,0,0,1,1,0,0
8350104.23,0104.23,835,Edmonton,B,48835,48,Alberta,0,0,0,0,5,0,3,0,2,0,0
5350151.00,0151.00,535,Toronto,B,35535,35,Ontario,0,0,0,0,1,0,0,0,0,0,0
5210016.00,0016.00,521,Kingston,B,35521,35,Ontario,1,0,0,0,0,0,0,0,0,0,0
3100009.00,0009.00,310,Saint John,B,13310,13,New Brunswick / Nouveau-Brunswick,0,3,0,0,2,0,0,0,2,0,1
4620065.02,0065.02,462,Montréal,B,24462,24,Quebec / Québec,0,5,0,0,4,3,0,1,3,0,0
9250200.00,0200.00,925,Kamloops,K,59925,59,British Columbia / Colombie-Britannique,1,2,1,0,3,1,3,0,4,0,0
5350361.01,0361.01,535,Toronto,B,35535,35,Ontario,0,1,1,0,3,1,0,0,1,0,0
5410023.00,0023.00,541,Kitchener - Cambridge - Waterloo,B,35541,35,Ontario,0,1,0,0,0,0,0,0,0,0,0
4420003.00,0003.00,442,Trois-Rivières,B,24442,24,Quebec / Québec,0,0,2,2,11,2,0,0,2,0,0
5590002.02,0002.02,559,Windsor,B,35559,35,Ontario,0,0,0,0,0,0,0,0,0,0,0
3100101.00,0101.00,310,Saint John,B,13310,13,New Brunswick / Nouveau-Brunswick,0,0,0,0,0,0,0,0,4,0,0
5370207.01,0207.01,537,Hamilton,B,35537,35,Ontario,1,0,0,0,0,1,1,0,0,0,0
9330400.05,0400.05,933,Vancouver,B,59933,59,British Columbia / Colombie-Britannique,0,0,1,0,2,0,0,0,0,0,0
9330228.04,0228.04,933,Vancouver,B,59933,59,British Columbia / Colombie-Britannique,1,0,0,0,2,0,0,0,0,0,0
5350132.00,0132.00,535,Toronto,B,35535,35,Ontario,1,8,0,0,1,0,0,1,0,0,0
8350005.11,0005.11,835,Edmonton,B,48835,48,Alberta,0,0,0,0,0,0,1,0,0,0,0
9330039.01,0039.01,933,Vancouver,B,59933,59,British Columbia / Colombie-Britannique,2,3,1,1,10,1,2,1,8,0,0
5350097.01,0097.01,535,Toronto,B,35535,35,Ontario,0,0,0,0,0,1,0,0,0,0,0
5550044.05,0044.05,555,London,B,35555,35,Ontario,0,0,0,0,0,0,0,0,0,0,0
5050141.11,0141.11,505,Ottawa - Gatineau (Ontario part / partie de l'Ontario),B,35505,35,Ontario,0,1,0,0,0,0,0,0,0,0,0
5370056.00,0056.00,537,Hamilton,B,35537,35,Ontario,0,0,0,0,2,0,0,0,1,0,0
4210119.03,0119.03,421,Québec,B,24421,24,Quebec / Québec,0,4,1,0,1,2,0,0,10,0,0
4620031.00,0031.00,462,Montréal,B,24462,24,Quebec / Québec,0,0,1,1,2,1,0,0,0,0,1
5370052.00,0052.00,537,Hamilton,B,35537,35,Ontario,0,3,2,0,2,0,0,0,0,0,0
8350076.01,0076.01,835,Edmonton,B,48835,48,Alberta,2,0,2,0,1,0,1,0,0,0,0
5350832.00,0832.00,535,Toronto,B,35535,35,Ontario,0,0,1,0,0,0,0,0,1,0,0
2050142.02,0142.02,205,Halifax,B,12205,12,Nova Scotia / Nouvelle-Écosse,0,1,0,0,3,0,1,1,2,0,0
4620600.01,0600.01,462,Montréal,B,24462,24,Quebec / Québec,0,1,0,0,3,0,0,1,0,0,0
5050001.06,0001.06,505,Ottawa - Gatineau (Ontario part / partie de l'Ontario),B,35505,35,Ontario,0,1,0,0,0,0,0,0,0,0,0
2050108.00,0108.00,205,Halifax,B,12205,12,Nova Scotia / Nouvelle-Écosse,0,0,0,0,3,0,0,0,0,0,0
5350576.41,0576.41,535,Toronto,B,35535,35,Ontario,0,0,0,0,0,0,0,0,0,0,0
3200001.00,0001.00,320,Fredericton,K,13320,13,New Brunswick / Nouveau-Brunswick,2,23,1,2,16,11,1,1,3,1,0
5350066.00,0066.00,535,Toronto,B,35535,35,Ontario,1,6,1,0,9,3,1,0,6,0,0
8250076.16,0076.16,825,Calgary,B,48825,48,Alberta,0,0,0,0,0,0,0,0,0,0,0
6020510.06,0510.06,602,Winnipeg,B,46602,46,Manitoba,0,0,0,0,1,0,0,0,0,0,0
6020502.00,0502.00,602,Winnipeg,B,46602,46,Manitoba,0,2,0,0,4,1,2,1,0,0,0
5370120.01,0120.01,537,Hamilton,B,35537,35,Ontario,0,0,0,0,1,0,0,0,0,0,0
5370100.00,0100.00,537,Hamilton,B,35537,35,Ontario,0,0,0,0,2,0,0,0,0,0,0
5350576.44,0576.44,535,Toronto,B,35535,35,Ontario,0,0,0,0,0,0,0,0,0,0,0
5350412.10,0412.10,535,Toronto,B,35535,35,Ontario,0,0,0,0,1,0,0,0,0,0,0
4620322.02,0322.02,462,Montréal,B,24462,24,Quebec / Québec,0,0,1,0,0,0,1,0,0,0,0
9330191.07,0191.07,933,Vancouver,B,59933,59,British Columbia / Colombie-Britannique,0,3,0,1,3,0,1,1,0,0,0
5550206.00,0206.00,555,London,B,35555,35,Ontario,1,9,1,0,11,1,0,1,1,0,1
7050003.00,0003.00,705,Regina,B,47705,47,Saskatchewan,0,1,0,0,0,0,0,0,0,0,0
3200019.00,0019.00,320,Fredericton,K,13320,13,New Brunswick / Nouveau-Brunswick,0,0,0,0,1,1,0,0,1,0,0
9350129.01,0129.01,935,Victoria,B,59935,59,British Columbia / Colombie-Britannique,0,2,0,1,2,0,0,0,1,0,0
6020049.00,0049.00,602,Winnipeg,B,46602,46,Manitoba,0,0,0,0,2,0,0,0,0,0,0
5350528.48,0528.48,535,Toronto,B,35535,35,Ontario,0,1,0,0,0,0,0,0,0,0,0
5410108.04,0108.04,541,Kitchener - Cambridge - Waterloo,B,35541,35,Ontario,0,0,0,0,0,0,0,0,0,0,0
4620930.03,0930.03,462,Montréal,B,24462,24,Quebec / Québec,0,0,0,0,0,0,0,0,0,0,0
5370201.00,0201.00,537,Hamilton,B,35537,35,Ontario,0,3,1,0,1,0,1,2,4,0,0
5800006.00,0006.00,580,Greater Sudbury / Grand Sudbury,B,35580,35,Ontario,0,0,0,0,2,0,0,1,2,0,1
4620513.02,0513.02,462,Montréal,B,24462,24,Quebec / Québec,0,0,1,0,1,1,1,0,0,0,0
5350157.00,0157.00,535,Toronto,B,35535,35,Ontario,0,0,0,0,2,0,0,0,0,0,0
6020004.02,0004.02,602,Winnipeg,B,46602,46,Manitoba,0,2,1,0,1,0,2,0,0,0,0
8350006.04,0006.04,835,Edmonton,B,48835,48,Alberta,0,0,0,0,0,0,0,0,0,0,0
4620757.00,0757.00,462,Montréal,B,24462,24,Quebec / Québec,1,4,0,0,3,1,2,0,1,0,0
6020112.01,0112.01,602,Winnipeg,B,46602,46,Manitoba,0,0,0,0,1,0,0,0,1,0,0
5390230.00,0230.00,539,St. Catharines - Niagara,B,35539,35,Ontario,0,2,0,0,0,0,0,0,3,0,0
9250021.00,0021.00,925,Kamloops,K,59925,59,British Columbia / Colombie-Britannique,0,5,0,0,9,2,1,0,2,0,0
4620138.00,0138.00,462,Montréal,B,24462,24,Quebec / Québec,0,3,0,0,9,3,1,0,1,0,0
5350403.11,0403.11,535,Toronto,B,35535,35,Ontario,0,0,0,0,0,0,0,0,0,0,0
4620860.02,0860.02,462,Montréal,B,24462,24,Quebec / Québec,1,3,1,0,1,0,0,1,0,0,0
4420013.02,0013.02,442,Trois-Rivières,B,24442,24,Quebec / Québec,0,0,0,0,0,0,0,1,0,0,0
4620652.06,0652.06,462,Montréal,B,24462,24,Quebec / Québec,0,1,0,0,1,0,0,0,0,0,0
6020501.01,0501.01,602,Winnipeg,B,46602,46,Manitoba,0,1,0,0,0,0,0,1,0,0,0
8250076.03,0076.03,825,Calgary,B,48825,48,Alberta,0,1,1,0,1,0,1,0,0,0,1
4620026.00,0026.00,462,Montréal,B,24462,24,Quebec / Québec,0,0,0,0,1,1,0,0,0,0,0
5410123.02,0123.02,541,Kitchener - Cambridge - Waterloo,B,35541,35,Ontario,0,1,0,0,0,0,0,0,0,0,0
5590016.00,0016.00,559,Windsor,B,35559,35,Ontario,2,0,0,0,0,0,1,0,0,0,0
9330016.01,0016.01,933,Vancouver,B,59933,59,British Columbia / Colombie-Britannique,0,0,0,0,1,0,0,1,2,0,0
4620155.00,0155.00,462,Montréal,B,24462,24,Quebec / Québec,0,0,0,0,0,1,0,0,0,0,0
4470003.00,0003.00,447,Drummondville,K,24447,24,Quebec / Québec,2,13,6,0,26,10,1,0,3,0,0
4620689.01,0689.01,462,Montréal,B,24462,24,Quebec / Québec,0,0,0,0,0,1,0,0,0,0,0
5210007.00,0007.00,521,Kingston,B,35521,35,Ontario,1,3,0,0,0,1,0,0,2,0,0
4210835.07,0835.07,421,Québec,B,24421,24,Quebec / Québec,0,0,0,0,0,1,0,0,0,0,0
4590202.00,0202.00,459,Saint-Jean-sur-Richelieu,K,24459,24,Quebec / Québec,0,0,2,0,2,0,1,0,1,0,0
5050006.00,0006.00,505,Ottawa - Gatineau (Ontario part / partie de l'Ontario),B,35505,35,Ontario,1,0,0,0,1,0,0,0,0,0,0
8250003.00,0003.00,825,Calgary,B,48825,48,Alberta,2,3,0,1,10,1,3,2,3,0,0
9330040.02,0040.02,933,Vancouver,B,59933,59,British Columbia / Colombie-Britannique,0,2,1,0,2,0,0,0,2,0,0
5050100.00,0100.00,505,Ottawa - Gatineau (Ontario part / partie de l'Ontario),B,35505,35,Ontario,0,2,0,0,2,0,0,0,0,0,1
4620513.01,0513.01,462,Montréal,B,24462,24,Quebec / Québec,0,0,0,0,3,1,1,0,0,0,0
4620144.00,0144.00,462,Montréal,B,24462,24,Quebec / Québec,0,4,0,0,6,0,0,1,2,0,0
5350528.42,0528.42,535,Toronto,B,35535,35,Ontario,0,2,0,0,0,0,0,2,0,0,0
8250001.03,0001.03,825,Calgary,B,48825,48,Alberta,0,0,0,0,2,0,0,0,0,0,0
5350630.00,0630.00,535,Toronto,B,35535,35,Ontario,0,0,0,0,1,1,0,0,0,0,0
8350017.00,0017.00,835,Edmonton,B,48835,48,Alberta,0,2,0,0,5,0,0,0,0,0,0
9330185.22,0185.22,933,Vancouver,B,59933,59,British Columbia / Colombie-Britannique,0,0,0,0,1,0,0,0,0,0,0
8250036.02,0036.02,825,Calgary,B,48825,48,Alberta,0,0,0,0,2,0,0,1,0,0,2
5550004.03,0004.03,555,London,B,35555,35,Ontario,0,4,0,0,1,0,0,0,0,0,0
8350090.01,0090.01,835,Edmonton,B,48835,48,Alberta,0,0,1,0,0,1,1,1,0,0,0
8350156.00,0156.00,835,Edmonton,B,48835,48,Alberta,3,4,1,1,5,0,4,0,2,0,0
4620300.00,0300.00,462,Montréal,B,24462,24,Quebec / Québec,2,0,0,0,3,0,0,0,0,0,0
5290009.01,0009.01,529,Peterborough,B,35529,35,Ontario,0,0,0,0,4,0,0,0,2,0,0
9330066.00,0066.00,933,Vancouver,B,59933,59,British Columbia / Colombie-Britannique,2,42,3,2,19,1,2,16,8,0,0
5680004.01,0004.01,568,Barrie,B,35568,35,Ontario,0,0,0,0,0,0,0,0,0,0,0
5350358.01,0358.01,535,Toronto,B,35535,35,Ontario,0,0,0,0,3,0,0,0,0,0,0
5390008.00,0008.00,539,St. Catharines - Niagara,B,35539,35,Ontario,0,0,1,0,1,0,0,0,0,0,0
8050100.00,0100.00,805,Medicine Hat,K,48805,48,Alberta,0,1,0,0,1,0,0,0,1,0,0
5350411.09,0411.09,535,Toronto,B,35535,35,Ontario,0,0,0,1,0,0,0,0,0,0,0
5550005.02,0005.02,555,London,B,35555,35,Ontario,0,3,0,0,1,0,0,0,0,0,0
8250201.02,0201.02,825,Calgary,B,48825,48,Alberta,0,0,0,0,0,0,0,0,1,0,0
5350313.00,0313.00,535,Toronto,B,35535,35,Ontario,0,4,3,0,8,1,0,0,0,0,1
5050190.01,0190.01,505,Ottawa - Gatineau (Ontario part / partie de l'Ontario),B,35505,35,Ontario,0,3,2,0,1,0,0,0,0,0,0
4620061.00,0061.00,462,Montréal,B,24462,24,Quebec / Québec,0,0,0,0,3,1,0,0,7,1,0
8350056.00,0056.00,835,Edmonton,B,48835,48,Alberta,0,0,0,0,1,2,1,2,1,0,0
5370001.04,0001.04,537,Hamilton,B,35537,35,Ontario,1,0,1,0,0,0,0,0,0,0,0
5350516.45,0516.45,535,Toronto,B,35535,35,Ontario,0,0,1,0,0,0,0,0,0,0,0
9700016.00,0016.00,970,Prince George,K,59970,59,British Columbia / Colombie-Britannique,0,0,1,0,1,0,0,0,0,0,0
3050016.01,0016.01,305,Moncton,B,13305,13,New Brunswick / Nouveau-Brunswick,1,1,0,0,1,0,0,0,5,0,0
5590031.00,0031.00,559,Windsor,B,35559,35,Ontario,1,5,1,0,1,0,0,0,0,0,0
5350041.00,0041.00,535,Toronto,B,35535,35,Ontario,0,10,0,0,3,5,0,1,1,0,0
5550031.00,0031.00,555,London,B,35555,35,Ontario,0,1,0,0,11,3,0,1,2,0,0
6020140.03,0140.03,602,Winnipeg,B,46602,46,Manitoba,0,2,2,0,0,0,0,3,1,0,0
4620305.00,0305.00,462,Montréal,B,24462,24,Quebec / Québec,1,1,0,0,6,1,1,0,0,0,0
5050059.00,0059.00,505,Ottawa - Gatineau (Ontario part / partie de l'Ontario),B,35505,35,Ontario,0,0,0,0,2,0,0,0,0,0,0
5350410.03,0410.03,535,Toronto,B,35535,35,Ontario,0,6,0,1,0,0,0,0,0,0,0
5320206.00,0206.00,532,Oshawa,B,35532,35,Ontario,0,1,0,0,1,0,0,0,2,0,0
9700013.00,0013.00,970,Prince George,K,59970,59,British Columbia / Colombie-Britannique,1,0,0,0,3,0,0,1,3,0,0
4620315.00,0315.00,462,Montréal,B,24462,24,Quebec / Québec,2,0,0,0,1,0,0,0,0,0,0
9330503.08,0503.08,933,Vancouver,B,59933,59,British Columbia / Colombie-Britannique,0,3,0,0,3,3,1,2,3,0,0
4080131.00,0131.00,408,Saguenay,B,24408,24,Quebec / Québec,1,0,1,0,3,2,0,0,0,0,0
5620012.00,0012.00,562,Sarnia,K,35562,35,Ontario,0,0,0,0,0,0,0,0,1,0,0
9330189.10,0189.10,933,Vancouver,B,59933,59,British Columbia / Colombie-Britannique,0,5,0,1,3,2,1,2,1,0,1
6020552.01,0552.01,602,Winnipeg,B,46602,46,Manitoba,0,2,0,1,3,0,1,0,0,0,0
4620643.01,0643.01,462,Montréal,B,24462,24,Quebec / Québec,0,4,0,0,2,0,1,1,0,0,0
0010172.02,0172.02,001,St. John's,B,10001,10,Newfoundland and Labrador / Terre-Neuve-et-Labrador,0,0,0,0,4,0,0,1,0,0,0
9330016.06,0016.06,933,Vancouver,B,59933,59,British Columbia / Colombie-Britannique,0,1,0,0,1,0,0,0,0,0,0
4620659.08,0659.08,462,Montréal,B,24462,24,Quebec / Québec,0,2,1,0,2,2,0,2,0,0,0
4620903.12,0903.12,462,Montréal,B,24462,24,Quebec / Québec,0,0,0,0,1,0,0,0,0,0,0
5290009.03,0009.03,529,Peterborough,B,35529,35,Ontario,0,0,2,0,0,0,0,0,0,0,0
5350360.00,0360.00,535,Toronto,B,35535,35,Ontario,0,0,0,0,1,0,0,0,3,0,0
5050160.07,0160.07,505,Ottawa - Gatineau (Ontario part / partie de l'Ontario),B,35505,35,Ontario,0,3,1,0,1,0,0,0,1,0,0
5390302.00,0302.00,539,St. Catharines - Niagara,B,35539,35,Ontario,0,0,0,0,1,0,0,0,0,0,0
5050002.04,0002.04,505,Ottawa - Gatineau (Ontario part / partie de l'Ontario),B,35505,35,Ontario,0,0,0,0,0,0,0,0,0,0,0
9330185.12,0185.12,933,Vancouver,B,59933,59,British Columbia / Colombie-Britannique,0,0,0,0,0,0,0,0,0,0,0
4620049.00,0049.00,462,Montréal,B,24462,24,Quebec / Québec,1,1,1,0,2,1,0,0,1,0,0
5350112.00,0112.00,535,Toronto,B,35535,35,Ontario,0,2,0,0,1,0,0,1,1,0,0
8250050.12,0050.12,825,Calgary,B,48825,48,Alberta,0,0,0,0,0,0,0,0,0,0,0
5350451.02,0451.02,535,Toronto,B,35535,35,Ontario,1,12,1,0,7,2,1,1,0,0,1
9320204.00,0204.00,932,Abbotsford - Mission,B,59932,59,British Columbia / Colombie-Britannique,0,1,0,0,2,1,0,0,2,1,0
8350090.22,0090.22,835,Edmonton,B,48835,48,Alberta,0,0,0,0,0,0,1,0,0,0,0
4620201.00,0201.00,462,Montréal,B,24462,24,Quebec / Québec,0,1,9,1,2,0,0,0,0,0,0
8250077.26,0077.26,825,Calgary,B,48825,48,Alberta,0,0,0,0,0,0,0,0,0,0,0
8250002.10,0002.10,825,Calgary,B,48825,48,Alberta,0,0,0,0,2,1,1,0,0,0,0
4620395.03,0395.03,462,Montréal,B,24462,24,Quebec / Québec,0,0,0,0,0,0,0,0,0,0,0
8350064.02,0064.02,835,Edmonton,B,48835,48,Alberta,0,0,0,0,0,0,0,0,0,0,0
8100021.00,0021.00,810,Lethbridge,K,48810,48,Alberta,0,0,0,0,0,0,0,0,0,0,0
4210260.03,0260.03,421,Québec,B,24421,24,Quebec / Québec,0,2,1,0,4,0,0,3,1,0,0
5050822.04,0822.04,505,Ottawa - Gatineau (partie du Québec / Quebec part),B,24505,24,Quebec / Québec,0,1,0,1,2,1,0,0,0,0,0
4210820.01,0820.01,421,Québec,B,24421,24,Quebec / Québec,0,0,2,0,1,0,0,0,1,0,0
4420007.00,0007.00,442,Trois-Rivières,B,24442,24,Quebec / Québec,0,0,0,0,1,0,0,0,0,0,0
4620067.00,0067.00,462,Montréal,B,24462,24,Quebec / Québec,0,1,0,0,1,0,0,0,0,0,0
3100112.00,0112.00,310,Saint John,B,13310,13,New Brunswick / Nouveau-Brunswick,0,0,0,0,1,0,0,0,2,0,0
4620074.00,0074.00,462,Montréal,B,24462,24,Quebec / Québec,0,0,0,0,3,1,0,0,0,0,0
8250018.00,0018.00,825,Calgary,B,48825,48,Alberta,0,0,0,0,1,2,3,0,0,0,0
5220304.00,0304.00,522,Belleville,K,35522,35,Ontario,0,0,0,0,1,1,0,0,0,0,0
5320105.10,0105.10,532,Oshawa,B,35532,35,Ontario,0,0,0,0,0,0,0,1,0,0,0
5350375.03,0375.03,535,Toronto,B,35535,35,Ontario,0,4,1,0,1,0,0,0,0,0,1
4080101.00,0101.00,408,Saguenay,B,24408,24,Quebec / Québec,0,2,2,0,4,3,0,1,0,0,0
4620650.01,0650.01,462,Montréal,B,24462,24,Quebec / Québec,0,1,1,0,3,1,1,1,0,0,0
4620618.00,0618.00,462,Montréal,B,24462,24,Quebec / Québec,0,0,2,1,7,1,0,0,0,0,1
4620145.00,0145.00,462,Montréal,B,24462,24,Quebec / Québec,1,0,0,0,0,0,0,0,0,0,0
5350420.11,0420.11,535,Toronto,B,35535,35,Ontario,0,1,0,0,0,0,0,1,0,0,0
5320002.02,0002.02,532,Oshawa,B,35532,35,Ontario,0,0,0,0,0,1,0,0,1,0,0
5350516.11,0516.11,535,Toronto,B,35535,35,Ontario,0,0,0,0,1,0,1,0,0,0,0
9330184.10,0184.10,933,Vancouver,B,59933,59,British Columbia / Colombie-Britannique,0,0,1,0,0,1,0,0,0,0,0
8250050.08,0050.08,825,Calgary,B,48825,48,Alberta,0,0,0,0,1,0,1,0,1,0,0
3050014.04,0014.04,305,Moncton,B,13305,13,New Brunswick / Nouveau-Brunswick,0,0,0,0,0,0,0,0,0,0,0
5350513.03,0513.03,535,Toronto,B,35535,35,Ontario,2,2,0,0,0,0,0,0,0,0,0
9330001.02,0001.02,933,Vancouver,B,59933,59,British Columbia / Colombie-Britannique,0,0,0,0,0,1,1,0,0,0,0
5350249.03,0249.03,535,Toronto,B,35535,35,Ontario,0,4,0,0,0,0,0,2,1,0,0
5350371.00,0371.00,535,Toronto,B,35535,35,Ontario,0,5,0,1,3,1,0,0,2,0,0
7250013.04,0013.04,725,Saskatoon,B,47725,47,Saskatchewan,1,0,0,0,1,0,0,0,0,0,0
8050005.02,0005.02,805,Medicine Hat,K,48805,48,Alberta,3,3,1,1,1,1,1,0,0,0,0
5350500.01,0500.01,535,Toronto,B,35535,35,Ontario,0,0,1,1,1,1,1,0,0,0,1
5050700.01,0700.01,505,Ottawa - Gatineau (partie du Québec / Quebec part),B,24505,24,Quebec / Québec,2,3,1,1,7,1,1,0,10,0,0
5050001.07,0001.07,505,Ottawa - Gatineau (Ontario part / partie de l'Ontario),B,35505,35,Ontario,0,0,0,0,0,0,0,0,0,0,0
5350205.00,0205.00,535,Toronto,B,35535,35,Ontario,0,0,0,1,1,0,0,0,0,0,0
4620019.00,0019.00,462,Montréal,B,24462,24,Quebec / Québec,0,1,1,2,6,1,0,2,0,0,1
5750014.00,0014.00,575,North Bay,K,35575,35,Ontario,0,0,0,1,3,0,0,0,1,0,0
5350368.02,0368.02,535,Toronto,B,35535,35,Ontario,4,1,0,0,1,0,0,0,0,0,0
8250002.20,0002.20,825,Calgary,B,48825,48,Alberta,0,0,0,0,1,0,2,0,0,0,0
5050126.06,0126.06,505,Ottawa - Gatineau (Ontario part / partie de l'Ontario),B,35505,35,Ontario,0,0,0,0,0,0,0,0,0,0,0
9330184.13,0184.13,933,Vancouver,B,59933,59,British Columbia / Colombie-Britannique,0,2,0,1,1,0,1,2,2,0,0
8250002.19,0002.19,825,Calgary,B,48825,48,Alberta,0,0,0,0,0,0,0,0,0,0,0
5220013.00,0013.00,522,Belleville,K,35522,35,Ontario,0,0,0,0,0,0,0,0,0,0,0
5350335.00,0335.00,535,Toronto,B,35535,35,Ontario,0,0,0,0,1,0,1,0,3,0,0
9320012.02,0012.02,932,Abbotsford - Mission,B,59932,59,British Columbia / Colombie-Britannique,0,1,0,0,0,0,0,0,0,0,0
5680104.00,0104.00,568,Barrie,B,35568,35,Ontario,0,1,0,0,0,0,0,0,1,0,0
4080140.00,0140.00,408,Saguenay,B,24408,24,Quebec / Québec,0,0,0,0,1,2,0,0,2,0,0
5410106.01,0106.01,541,Kitchener - Cambridge - Waterloo,B,35541,35,Ontario,0,1,0,1,1,2,0,0,0,1,0
9150009.03,0009.03,915,Kelowna,B,59915,59,British Columbia / Colombie-Britannique,0,0,5,0,3,1,1,0,4,0,0
9320106.04,0106.04,932,Abbotsford - Mission,B,59932,59,British Columbia / Colombie-Britannique,0,2,0,0,0,0,0,0,0,0,0
6020142.04,0142.04,602,Winnipeg,B,46602,46,Manitoba,0,0,0,0,2,0,0,0,0,0,0
6020537.02,0537.02,602,Winnipeg,B,46602,46,Manitoba,0,0,0,0,1,0,0,0,0,0,0
4620273.00,0273.00,462,Montréal,B,24462,24,Quebec / Québec,1,0,3,0,3,1,0,0,0,0,0
5350307.07,0307.07,535,Toronto,B,35535,35,Ontario,0,4,0,0,3,0,0,1,1,0,1
5050121.01,0121.01,505,Ottawa - Gatineau (Ontario part / partie de l'Ontario),B,35505,35,Ontario,0,1,2,0,1,0,0,0,1,0,0
2050101.00,0101.00,205,Halifax,B,12205,12,Nova Scotia / Nouvelle-Écosse,0,0,0,0,3,1,0,0,0,0,2
7250006.03,0006.03,725,Saskatoon,B,47725,47,Saskatchewan,0,1,0,0,0,1,0,1,1,0,1
5410131.03,0131.03,541,Kitchener - Cambridge - Waterloo,B,35541,35,Ontario,0,0,0,0,1,0,0,0,0,0,0
8350032.01,0032.01,835,Edmonton,B,48835,48,Alberta,0,1,1,0,5,4,4,1,1,0,0
9250011.00,0011.00,925,Kamloops,K,59925,59,British Columbia / Colombie-Britannique,0,26,0,2,28,11,3,11,11,0,2
6020019.00,0019.00,602,Winnipeg,B,46602,46,Manitoba,0,2,0,1,6,1,0,0,2,0,0
8350029.00,0029.00,835,Edmonton,B,48835,48,Alberta,1,4,1,0,4,1,1,1,0,0,0
5350509.01,0509.01,535,Toronto,B,35535,35,Ontario,0,0,0,0,0,0,0,0,1,0,0
5050125.07,0125.07,505,Ottawa - Gatineau (Ontario part / partie de l'Ontario),B,35505,35,Ontario,0,1,0,0,0,0,1,2,0,0,0
4620172.00,0172.00,462,Montréal,B,24462,24,Quebec / Québec,0,3,0,2,7,1,0,0,0,0,0
8250030.00,0030.00,825,Calgary,B,48825,48,Alberta,2,14,0,1,18,2,7,8,5,0,0
4620520.02,0520.02,462,Montréal,B,24462,24,Quebec / Québec,0,0,0,0,1,0,0,0,0,0,0
4620591.01,0591.01,462,Montréal,B,24462,24,Quebec / Québec,0,0,0,0,1,0,0,0,0,0,0
6020002.00,0002.00,602,Winnipeg,B,46602,46,Manitoba,0,0,1,0,0,0,0,0,0,0,0
5210105.01,0105.01,521,Kingston,B,35521,35,Ontario,0,0,1,0,0,0,0,0,2,0,0
4620219.00,0219.00,462,Montréal,B,24462,24,Quebec / Québec,0,3,0,0,3,5,2,0,0,0,0
2050122.03,0122.03,205,Halifax,B,12205,12,Nova Scotia / Nouvelle-Écosse,0,0,0,0,2,1,0,0,1,0,1
4620604.03,0604.03,462,Montréal,B,24462,24,Quebec / Québec,0,0,0,0,0,0,1,0,0,0,0
9320102.00,0102.00,932,Abbotsford - Mission,B,59932,59,British Columbia / Colombie-Britannique,0,2,0,0,1,0,0,0,0,0,1
5350355.03,0355.03,535,Toronto,B,35535,35,Ontario,0,0,0,0,2,0,0,0,0,0,0
5590035.00,0035.00,559,Windsor,B,35559,35,Ontario,1,20,1,2,6,10,2,1,4,0,1
5410106.02,0106.02,541,Kitchener - Cambridge - Waterloo,B,35541,35,Ontario,0,1,0,0,0,0,1,0,1,0,1
4620602.01,0602.01,462,Montréal,B,24462,24,Quebec / Québec,0,2,0,0,3,0,1,0,0,0,0
9380020.00,0020.00,938,Nanaimo,K,59938,59,British Columbia / Colombie-Britannique,0,0,0,0,2,0,0,0,0,0,0
5320202.11,0202.11,532,Oshawa,B,35532,35,Ontario,0,0,1,0,0,0,1,0,0,0,0
5590006.00,0006.00,559,Windsor,B,35559,35,Ontario,0,0,0,0,0,0,0,0,0,0,0
4620394.00,0394.00,462,Montréal,B,24462,24,Quebec / Québec,0,0,0,0,2,0,0,0,0,0,0
4210040.01,0040.01,421,Québec,B,24421,24,Quebec / Québec,0,1,1,0,2,0,1,0,0,0,0
5620102.04,0102.04,562,Sarnia,K,35562,35,Ontario,0,0,1,1,7,1,1,0,7,0,0
5350338.00,0338.00,535,Toronto,B,35535,35,Ontario,0,1,1,0,1,1,1,0,0,0,0
8250038.20,0038.20,825,Calgary,B,48825,48,Alberta,0,0,0,0,1,0,1,0,0,0,0
4620682.02,0682.02,462,Montréal,B,24462,24,Quebec / Québec,1,4,4,2,6,2,1,1,2,1,0
5350424.08,0424.08,535,Toronto,B,35535,35,Ontario,0,2,0,0,1,0,2,0,0,0,0
5370214.00,0214.00,537,Hamilton,B,35537,35,Ontario,0,0,0,0,3,0,0,0,0,0,0
5390330.00,0330.00,539,St. Catharines - Niagara,B,35539,35,Ontario,1,1,1,0,5,1,0,0,0,0,0
5350420.13,0420.13,535,Toronto,B,35535,35,Ontario,0,0,0,0,1,0,1,0,0,0,0
9700001.00,0001.00,970,Prince George,K,59970,59,British Columbia / Colombie-Britannique,0,0,0,0,1,0,0,0,0,0,0
5220202.00,0202.00,522,Belleville,K,35522,35,Ontario,0,0,0,0,0,0,0,0,0,0,0
5350410.15,0410.15,535,Toronto,B,35535,35,Ontario,0,0,0,0,0,0,0,0,0,0,0
4620903.11,0903.11,462,Montréal,B,24462,24,Quebec / Québec,0,0,0,0,0,0,0,0,0,0,0
5350275.00,0275.00,535,Toronto,B,35535,35,Ontario,0,2,0,0,4,1,1,1,1,0,0
8250038.23,0038.23,825,Calgary,B,48825,48,Alberta,0,0,0,0,3,0,1,0,0,0,0
4620854.02,0854.02,462,Montréal,B,24462,24,Quebec / Québec,0,2,0,0,2,0,0,0,1,0,0
8350008.02,0008.02,835,Edmonton,B,48835,48,Alberta,0,0,0,0,0,0,0,0,0,0,0
8100009.00,0009.00,810,Lethbridge,K,48810,48,Alberta,0,1,0,0,4,0,0,1,1,0,0
4620404.00,0404.00,462,Montréal,B,24462,24,Quebec / Québec,0,0,2,0,1,0,1,0,0,0,0
5370064.00,0064.00,537,Hamilton,B,35537,35,Ontario,0,1,1,0,8,1,0,0,1,0,1
5350160.00,0160.00,535,Toronto,B,35535,35,Ontario,0,0,0,0,0,0,0,0,0,0,0
5350561.00,0561.00,535,Toronto,B,35535,35,Ontario,0,2,0,0,4,1,0,0,0,0,0
5050504.03,0504.03,505,Ottawa - Gatineau (partie du Québec / Quebec part),B,24505,24,Quebec / Québec,0,0,0,0,2,0,0,0,0,0,0
8350047.00,0047.00,835,Edmonton,B,48835,48,Alberta,0,0,0,0,7,1,4,1,1,0,0
5050121.02,0121.02,505,Ottawa - Gatineau (Ontario part / partie de l'Ontario),B,35505,35,Ontario,0,2,0,0,4,0,1,0,2,0,0
5800004.00,0004.00,580,Greater Sudbury / Grand Sudbury,B,35580,35,Ontario,1,2,0,1,5,0,0,1,1,0,0
5550027.07,0027.07,555,London,B,35555,35,Ontario,0,0,0,0,0,0,0,0,0,0,0
5350094.00,0094.00,535,Toronto,B,35535,35,Ontario,0,1,0,0,3,0,0,2,0,0,0
4330003.00,0003.00,433,Sherbrooke,B,24433,24,Quebec / Québec,1,0,1,0,2,1,0,0,0,0,0
5430100.00,0100.00,543,Brantford,B,35543,35,Ontario,0,0,1,0,1,0,0,0,1,0,0
5350516.40,0516.40,535,Toronto,B,35535,35,Ontario,0,0,0,0,0,0,1,0,0,0,0
5350181.01,0181.01,535,Toronto,B,35535,35,Ontario,0,1,0,0,0,0,0,0,1,0,0
9300030.00,0030.00,930,Chilliwack,K,59930,59,British Columbia / Colombie-Britannique,0,0,0,0,3,0,0,0,0,0,0
8250026.00,0026.00,825,Calgary,B,48825,48,Alberta,0,2,1,0,3,0,2,0,1,0,0
9330031.02,0031.02,933,Vancouver,B,59933,59,British Columbia / Colombie-Britannique,0,1,0,1,2,0,0,0,1,0,0
5350332.00,0332.00,535,Toronto,B,35535,35,Ontario,0,2,1,2,0,0,0,1,5,0,0
4590006.00,0006.00,459,Saint-Jean-sur-Richelieu,K,24459,24,Quebec / Québec,0,0,0,0,2,0,0,0,0,0,0
9150016.00,0016.00,915,Kelowna,B,59915,59,British Columbia / Colombie-Britannique,0,0,1,0,1,1,1,0,0,0,0
9330287.02,0287.02,933,Vancouver,B,59933,59,British Columbia / Colombie-Britannique,0,0,0,0,2,0,0,0,0,0,0
8350200.00,0200.00,835,Edmonton,B,48835,48,Alberta,0,0,0,0,1,0,2,0,2,0,0
4620645.00,0645.00,462,Montréal,B,24462,24,Quebec / Québec,1,2,8,0,4,0,0,0,0,0,0
4620710.07,0710.07,462,Montréal,B,24462,24,Quebec / Québec,0,0,0,0,0,0,0,0,0,0,0
4620550.03,0550.03,462,Montréal,B,24462,24,Quebec / Québec,0,0,3,0,0,0,1,0,0,0,0
9330059.12,0059.12,933,Vancouver,B,59933,59,British Columbia / Colombie-Britannique,0,9,0,3,12,5,3,3,13,0,0
6020522.01,0522.01,602,Winnipeg,B,46602,46,Manitoba,0,5,2,0,3,0,0,0,0,0,0
5350217.00,0217.00,535,Toronto,B,35535,35,Ontario,0,1,0,0,0,0,0,0,0,0,1
4620188.01,0188.01,462,Montréal,B,24462,24,Quebec / Québec,0,0,0,0,0,1,0,0,0,0,0
6020018.00,0018.00,602,Winnipeg,B,46602,46,Manitoba,0,0,1,0,1,0,0,0,0,0,0
4620594.02,0594.02,462,Montréal,B,24462,24,Quebec / Québec,0,2,0,0,4,2,0,0,1,0,1
5590018.04,0018.04,559,Windsor,B,35559,35,Ontario,0,2,0,0,0,0,1,1,0,0,0
5350242.00,0242.00,535,Toronto,B,35535,35,Ontario,0,0,0,0,2,0,0,0,0,0,0
8250055.00,0055.00,825,Calgary,B,48825,48,Alberta,6,0,0,0,3,0,1,0,1,0,0
3100021.00,0021.00,310,Saint John,B,13310,13,New Brunswick / Nouveau-Brunswick,0,0,0,0,1,0,0,0,1,0,0
2050143.02,0143.02,205,Halifax,B,12205,12,Nova Scotia / Nouvelle-Écosse,0,5,0,1,3,0,0,0,1,0,0
5350376.16,0376.16,535,Toronto,B,35535,35,Ontario,0,0,2,0,1,0,0,1,0,0,1
5550028.00,0028.00,555,London,B,35555,35,Ontario,1,0,0,0,4,0,1,0,0,0,0
5350054.00,0054.00,535,Toronto,B,35535,35,Ontario,0,4,0,1,7,3,1,2,1,0,0
5050124.01,0124.01,505,Ottawa - Gatineau (Ontario part / partie de l'Ontario),B,35505,35,Ontario,0,8,2,0,4,0,1,0,0,0,0
9350103.00,0103.00,935,Victoria,B,59935,59,British Columbia / Colombie-Britannique,0,0,0,0,1,0,0,0,0,0,0
9330192.00,0192.00,933,Vancouver,B,59933,59,British Columbia / Colombie-Britannique,0,0,0,0,2,1,0,2,2,0,0
5370206.00,0206.00,537,Hamilton,B,35537,35,Ontario,1,8,0,1,9,0,1,1,0,0,0
5350527.07,0527.07,535,Toronto,B,35535,35,Ontario,0,1,0,0,1,0,0,0,1,0,0
9330101.06,0101.06,933,Vancouver,B,59933,59,British Columbia / Colombie-Britannique,0,5,0,1,8,4,1,1,2,0,0
4210605.00,0605.00,421,Québec,B,24421,24,Quebec / Québec,0,2,1,1,2,1,1,0,4,0,0
8300014.00,0014.00,830,Red Deer,K,48830,48,Alberta,2,2,1,1,6,1,0,2,0,0,0
5350237.03,0237.03,535,Toronto,B,35535,35,Ontario,1,1,0,1,1,0,0,0,0,0,0
5800008.00,0008.00,580,Greater Sudbury / Grand Sudbury,B,35580,35,Ontario,0,1,0,0,4,0,1,2,3,0,1
2050107.00,0107.00,205,Halifax,B,12205,12,Nova Scotia / Nouvelle-Écosse,0,0,0,0,0,0,0,0,0,0,0
5350806.00,0806.00,535,Toronto,B,35535,35,Ontario,1,0,0,1,1,0,0,0,1,0,0
9320202.00,0202.00,932,Abbotsford - Mission,B,59932,59,British Columbia / Colombie-Britannique,1,0,4,0,1,1,0,0,0,0,0
9330013.04,0013.04,933,Vancouver,B,59933,59,British Columbia / Colombie-Britannique,0,0,0,0,0,0,0,0,0,0,0
5800016.02,0016.02,580,Greater Sudbury / Grand Sudbury,B,35580,35,Ontario,0,1,0,0,1,0,0,3,0,0,0
5350116.00,0116.00,535,Toronto,B,35535,35,Ontario,0,6,1,0,11,0,0,2,1,0,0
5210112.05,0112.05,521,Kingston,B,35521,35,Ontario,0,0,0,0,2,0,0,0,0,0,0
9300004.00,0004.00,930,Chilliwack,K,59930,59,British Columbia / Colombie-Britannique,0,0,0,1,1,1,0,0,0,0,0
5350304.01,0304.01,535,Toronto,B,35535,35,Ontario,0,0,0,0,0,0,0,0,0,0,0
5350378.05,0378.05,535,Toronto,B,35535,35,Ontario,0,0,0,0,0,0,0,0,0,0,0
5350451.06,0451.06,535,Toronto,B,35535,35,Ontario,0,1,0,0,1,0,0,1,0,0,0
9320005.02,0005.02,932,Abbotsford - Mission,B,59932,59,British Columbia / Colombie-Britannique,2,4,2,0,2,0,0,0,0,0,0
5220303.00,0303.00,522,Belleville,K,35522,35,Ontario,0,0,0,0,0,0,0,0,0,0,0
3100003.00,0003.00,310,Saint John,B,13310,13,New Brunswick / Nouveau-Brunswick,0,0,0,0,1,1,0,1,0,0,0
9320201.01,0201.01,932,Abbotsford - Mission,B,59932,59,British Columbia / Colombie-Britannique,0,1,0,0,1,0,0,0,0,0,0
5350175.01,0175.01,535,Toronto,B,35535,35,Ontario,0,6,0,0,5,0,0,2,0,0,0
4080110.00,0110.00,408,Saguenay,B,24408,24,Quebec / Québec,0,0,1,0,3,0,0,0,0,1,0
8100019.00,0019.00,810,Lethbridge,K,48810,48,Alberta,1,1,0,0,2,0,1,1,1,0,0
5370209.00,0209.00,537,Hamilton,B,35537,35,Ontario,0,0,0,0,0,0,0,0,0,0,0
6020131.00,0131.00,602,Winnipeg,B,46602,46,Manitoba,0,1,0,0,0,0,0,0,0,0,0
9330250.01,0250.01,933,Vancouver,B,59933,59,British Columbia / Colombie-Britannique,0,1,0,0,4,0,0,0,2,0,0
3200012.00,0012.00,320,Fredericton,K,13320,13,New Brunswick / Nouveau-Brunswick,0,1,0,1,5,0,0,0,0,0,0
4590102.00,0102.00,459,Saint-Jean-sur-Richelieu,K,24459,24,Quebec / Québec,0,0,0,0,0,0,0,0,0,0,0
9330183.07,0183.07,933,Vancouver,B,59933,59,British Columbia / Colombie-Britannique,0,1,0,0,1,1,0,0,0,0,0
8350027.00,0027.00,835,Edmonton,B,48835,48,Alberta,2,1,2,0,1,1,2,1,0,0,0
4620115.02,0115.02,462,Montréal,B,24462,24,Quebec / Québec,0,4,0,0,1,0,0,0,0,0,0
5320016.02,0016.02,532,Oshawa,B,35532,35,Ontario,0,0,0,0,2,0,1,0,0,0,0
5350411.04,0411.04,535,Toronto,B,35535,35,Ontario,0,1,0,0,0,0,0,0,0,0,0
5050122.03,0122.03,505,Ottawa - Gatineau (Ontario part / partie de l'Ontario),B,35505,35,Ontario,1,1,2,0,0,0,0,0,0,0,0
5350401.18,0401.18,535,Toronto,B,35535,35,Ontario,1,5,0,1,8,0,0,0,0,0,0
5350216.00,0216.00,535,Toronto,B,35535,35,Ontario,0,1,0,0,0,0,0,0,0,0,0
4620601.01,0601.01,462,Montréal,B,24462,24,Quebec / Québec,0,0,0,0,0,2,0,0,0,0,0
3050009.00,0009.00,305,Moncton,B,13305,13,New Brunswick / Nouveau-Brunswick,5,2,0,0,3,0,0,1,0,0,0
0010016.01,0016.01,001,St. John's,B,10001,10,Newfoundland and Labrador / Terre-Neuve-et-Labrador,0,0,0,0,0,0,0,0,1,0,0
5370140.03,0140.03,537,Hamilton,B,35537,35,Ontario,0,1,1,0,2,0,0,0,0,0,0
8350142.04,0142.04,835,Edmonton,B,48835,48,Alberta,2,3,1,0,3,2,2,0,0,0,0
2050025.01,0025.01,205,Halifax,B,12205,12,Nova Scotia / Nouvelle-Écosse,0,0,0,0,0,0,0,0,0,0,0
4500010.00,0010.00,450,Granby,K,24450,24,Quebec / Québec,0,1,0,0,1,0,0,0,0,0,0
5350311.02,0311.02,535,Toronto,B,35535,35,Ontario,0,0,0,0,0,0,0,0,0,0,0
4590007.00,0007.00,459,Saint-Jean-sur-Richelieu,K,24459,24,Quebec / Québec,0,13,6,3,15,11,0,1,1,0,0
4420001.00,0001.00,442,Trois-Rivières,B,24442,24,Quebec / Québec,0,1,1,0,4,0,0,0,1,0,0
5430203.00,0203.00,543,Brantford,B,35543,35,Ontario,1,7,2,1,9,0,0,1,1,0,1
5290004.00,0004.00,529,Peterborough,B,35529,35,Ontario,0,0,1,0,5,0,2,0,2,0,0
5680008.00,0008.00,568,Barrie,B,35568,35,Ontario,3,1,0,1,4,2,2,3,1,0,0
4620877.02,0877.02,462,Montréal,B,24462,24,Quebec / Québec,0,3,2,1,2,0,1,0,0,0,0
4080106.00,0106.00,408,Saguenay,B,24408,24,Quebec / Québec,1,2,1,1,2,1,0,0,1,0,0
9300001.00,0001.00,930,Chilliwack,K,59930,59,British Columbia / Colombie-Britannique,0,0,1,0,0,0,0,0,0,0,0
6020026.00,0026.00,602,Winnipeg,B,46602,46,Manitoba,0,0,2,0,5,0,0,0,0,0,0
9330187.04,0187.04,933,Vancouver,B,59933,59,British Columbia / Colombie-Britannique,1,0,0,1,0,0,0,1,1,0,0
5050160.04,0160.04,505,Ottawa - Gatineau (Ontario part / partie de l'Ontario),B,35505,35,Ontario,0,0,2,0,1,0,0,1,0,0,0
4210002.00,0002.00,421,Québec,B,24421,24,Quebec / Québec,0,3,1,0,8,2,0,0,0,0,0
9330034.02,0034.02,933,Vancouver,B,59933,59,British Columbia / Colombie-Britannique,1,1,1,0,6,0,0,0,2,0,2
3050013.00,0013.00,305,Moncton,B,13305,13,New Brunswick / Nouveau-Brunswick,0,7,1,0,4,2,0,0,4,0,0
6020110.01,0110.01,602,Winnipeg,B,46602,46,Manitoba,0,4,0,0,7,1,0,1,1,0,0
5350214.00,0214.00,535,Toronto,B,35535,35,Ontario,0,4,0,0,3,1,0,2,0,0,0
2050014.00,0014.00,205,Halifax,B,12205,12,Nova Scotia / Nouvelle-Écosse,0,1,1,0,2,0,0,0,1,0,0
5050018.00,0018.00,505,Ottawa - Gatineau (Ontario part / partie de l'Ontario),B,35505,35,Ontario,0,2,1,2,4,1,1,0,0,0,1
8350006.05,0006.05,835,Edmonton,B,48835,48,Alberta,0,0,0,0,1,0,0,0,0,0,0
5050048.00,0048.00,505,Ottawa - Gatineau (Ontario part / partie de l'Ontario),B,35505,35,Ontario,1,38,1,7,49,7,1,2,20,0,0
9350170.00,0170.00,935,Victoria,B,59935,59,British Columbia / Colombie-Britannique,0,6,0,2,6,2,2,0,9,0,1
4620079.00,0079.00,462,Montréal,B,24462,24,Quebec / Québec,1,1,1,1,10,3,2,0,0,0,0
5350400.12,0400.12,535,Toronto,B,35535,35,Ontario,0,0,0,0,0,0,0,0,1,0,0
7250011.02,0011.02,725,Saskatoon,B,47725,47,Saskatchewan,0,1,0,1,2,1,0,0,0,0,0
4620013.00,0013.00,462,Montréal,B,24462,24,Quebec / Québec,0,1,3,0,4,1,0,0,1,0,0
9330186.05,0186.05,933,Vancouver,B,59933,59,British Columbia / Colombie-Britannique,0,5,0,0,0,2,1,0,0,0,0
4620787.00,0787.00,462,Montréal,B,24462,24,Quebec / Québec,0,0,0,0,1,1,0,0,2,0,0
9300023.00,0023.00,930,Chilliwack,K,59930,59,British Columbia / Colombie-Britannique,0,0,0,0,0,0,0,0,1,0,0
9330013.01,0013.01,933,Vancouver,B,59933,59,British Columbia / Colombie-Britannique,0,2,0,0,5,0,0,1,0,0,1
9330011.00,0011.00,933,Vancouver,B,59933,59,British Columbia / Colombie-Britannique,0,1,0,0,1,0,0,0,0,0,0
4210850.03,0850.03,421,Québec,B,24421,24,Quebec / Québec,0,0,0,0,0,2,0,0,0,0,0
5350804.06,0804.06,535,Toronto,B,35535,35,Ontario,0,0,0,0,0,0,0,0,0,0,0
5320101.05,0101.05,532,Oshawa,B,35532,35,Ontario,0,5,0,0,5,1,1,0,0,0,0
4620873.01,0873.01,462,Montréal,B,24462,24,Quebec / Québec,0,1,0,1,1,0,0,0,0,0,0
6020110.06,0110.06,602,Winnipeg,B,46602,46,Manitoba,0,1,0,0,1,0,0,0,0,0,0
8250077.21,0077.21,825,Calgary,B,48825,48,Alberta,2,2,1,0,3,1,5,0,0,0,0
5950011.03,0011.03,595,Thunder Bay,B,35595,35,Ontario,1,0,1,1,0,0,0,0,2,0,0
4620187.01,0187.01,462,Montréal,B,24462,24,Quebec / Québec,1,0,2,0,1,0,1,0,1,0,0
5370223.12,0223.12,537,Hamilton,B,35537,35,Ontario,1,4,4,0,2,0,0,4,4,0,0
5350245.00,0245.00,535,Toronto,B,35535,35,Ontario,0,2,2,0,3,0,0,2,0,0,0
5350376.11,0376.11,535,Toronto,B,35535,35,Ontario,0,0,0,0,1,0,0,0,0,0,0
5550043.00,0043.00,555,London,B,35555,35,Ontario,3,7,0,0,3,0,0,2,3,1,0
5900011.00,0011.00,590,Sault Ste. Marie,K,35590,35,Ontario,1,0,0,0,1,0,0,0,1,0,0
5410008.06,0008.06,541,Kitchener - Cambridge - Waterloo,B,35541,35,Ontario,0,1,1,0,0,0,0,0,0,0,0
5350573.07,0573.07,535,Toronto,B,35535,35,Ontario,0,2,0,0,1,0,0,0,0,0,1
5390304.00,0304.00,539,St. Catharines - Niagara,B,35539,35,Ontario,0,0,1,0,2,0,1,1,0,0,0
4620037.00,0037.00,462,Montréal,B,24462,24,Quebec / Québec,0,1,0,0,3,0,0,0,0,0,0
5350376.12,0376.12,535,Toronto,B,35535,35,Ontario,0,1,0,0,1,0,1,0,0,0,0
9330100.02,0100.02,933,Vancouver,B,59933,59,British Columbia / Colombie-Britannique,0,1,0,0,0,0,1,0,5,0,0
5350159.02,0159.02,535,Toronto,B,35535,35,Ontario,0,0,0,0,1,1,0,0,1,0,0
5350590.00,0590.00,535,Toronto,B,35535,35,Ontario,1,4,1,0,2,1,1,1,0,0,0
9330161.05,0161.05,933,Vancouver,B,59933,59,British Columbia / Colombie-Britannique,0,0,0,0,1,0,1,0,0,0,0
4620179.00,0179.00,462,Montréal,B,24462,24,Quebec / Québec,0,0,2,0,1,3,0,0,0,0,0
4620178.00,0178.00,462,Montréal,B,24462,24,Quebec / Québec,0,0,0,1,2,0,0,0,0,0,1
9330290.02,0290.02,933,Vancouver,B,59933,59,British Columbia / Colombie-Britannique,0,7,4,0,6,3,3,3,0,1,0
5350526.01,0526.01,535,Toronto,B,35535,35,Ontario,0,1,0,0,3,0,0,0,0,0,1
5500007.00,0007.00,550,Guelph,B,35550,35,Ontario,0,7,2,0,4,0,0,0,1,0,1
9330291.01,0291.01,933,Vancouver,B,59933,59,British Columbia / Colombie-Britannique,0,2,1,0,3,1,2,3,0,0,0
5350276.02,0276.02,535,Toronto,B,35535,35,Ontario,0,5,1,0,7,1,0,1,0,0,1
5350452.05,0452.05,535,Toronto,B,35535,35,Ontario,1,0,0,0,0,0,0,0,0,0,0
9700003.00,0003.00,970,Prince George,K,59970,59,British Columbia / Colombie-Britannique,0,1,0,0,3,1,2,0,4,0,0
4210009.00,0009.00,421,Québec,B,24421,24,Quebec / Québec,1,0,1,1,7,2,1,0,2,1,0
5350375.01,0375.01,535,Toronto,B,35535,35,Ontario,0,0,0,0,2,0,0,0,0,0,0
5350133.00,0133.00,535,Toronto,B,35535,35,Ontario,0,3,1,0,2,0,0,0,0,0,0
8250067.00,0067.00,825,Calgary,B,48825,48,Alberta,0,0,0,0,0,2,3,1,0,0,0
5350461.01,0461.01,535,Toronto,B,35535,35,Ontario,0,1,0,0,0,0,1,0,0,0,0
5430110.01,0110.01,543,Brantford,B,35543,35,Ontario,1,3,1,1,3,1,3,0,2,0,0
5350420.06,0420.06,535,Toronto,B,35535,35,Ontario,0,2,0,0,0,0,0,1,0,0,0
5210106.00,0106.00,521,Kingston,B,35521,35,Ontario,0,1,0,1,4,0,2,1,0,0,0
4210600.05,0600.05,421,Québec,B,24421,24,Quebec / Québec,0,0,0,0,0,1,0,0,0,0,0
4620784.00,0784.00,462,Montréal,B,24462,24,Quebec / Québec,1,0,2,1,11,2,1,2,0,0,0
4620725.03,0725.03,462,Montréal,B,24462,24,Quebec / Québec,0,0,0,0,1,1,1,0,0,0,0
4620189.00,0189.00,462,Montréal,B,24462,24,Quebec / Québec,0,1,0,0,0,0,0,0,0,0,0
5410007.00,0007.00,541,Kitchener - Cambridge - Waterloo,B,35541,35,Ontario,0,1,3,0,3,0,0,0,0,0,2
6020503.00,0503.00,602,Winnipeg,B,46602,46,Manitoba,0,4,1,1,4,1,0,1,3,0,0
4620267.00,0267.00,462,Montréal,B,24462,24,Quebec / Québec,0,2,0,0,6,3,0,1,0,0,0
5050171.07,0171.07,505,Ottawa - Gatineau (Ontario part / partie de l'Ontario),B,35505,35,Ontario,2,0,0,0,0,0,0,0,0,0,0
5350316.04,0316.04,535,Toronto,B,35535,35,Ontario,0,0,0,0,2,0,0,0,0,0,0
4080002.01,0002.01,408,Saguenay,B,24408,24,Quebec / Québec,1,2,6,2,8,1,2,1,1,0,0
9330220.00,0220.00,933,Vancouver,B,59933,59,British Columbia / Colombie-Britannique,0,0,0,0,4,1,1,1,0,0,0
9300009.00,0009.00,930,Chilliwack,K,59930,59,British Columbia / Colombie-Britannique,0,3,3,0,2,2,1,5,4,0,0
5350269.02,0269.02,535,Toronto,B,35535,35,Ontario,0,0,0,0,0,0,0,0,0,0,0
9330117.00,0117.00,933,Vancouver,B,59933,59,British Columbia / Colombie-Britannique,0,2,1,0,1,1,1,0,3,0,0
4620129.01,0129.01,462,Montréal,B,24462,24,Quebec / Québec,0,3,0,0,2,0,0,2,0,0,0
5370140.02,0140.02,537,Hamilton,B,35537,35,Ontario,0,1,2,1,0,1,1,0,0,0,0
4210820.04,0820.04,421,Québec,B,24421,24,Quebec / Québec,0,0,0,0,1,1,0,0,2,0,0
2050123.01,0123.01,205,Halifax,B,12205,12,Nova Scotia / Nouvelle-Écosse,0,1,0,0,2,0,1,0,1,0,1
4620075.00,0075.00,462,Montréal,B,24462,24,Quebec / Québec,0,1,0,0,2,1,0,0,0,0,0
5350400.20,0400.20,535,Toronto,B,35535,35,Ontario,0,0,0,0,0,0,0,0,0,0,0
5350295.00,0295.00,535,Toronto,B,35535,35,Ontario,0,0,0,0,1,0,1,1,0,0,0
5290008.00,0008.00,529,Peterborough,B,35529,35,Ontario,0,4,1,0,2,0,0,1,2,0,0
5320105.05,0105.05,532,Oshawa,B,35532,35,Ontario,0,0,0,0,0,0,0,0,0,0,0
5350402.06,0402.06,535,Toronto,B,35535,35,Ontario,1,4,1,0,2,0,1,1,1,0,0
8250014.00,0014.00,825,Calgary,B,48825,48,Alberta,3,3,0,0,0,0,0,1,1,0,0
8250077.24,0077.24,825,Calgary,B,48825,48,Alberta,0,0,0,0,0,0,0,0,0,0,0
9350014.02,0014.02,935,Victoria,B,59935,59,British Columbia / Colombie-Britannique,1,1,1,0,5,0,0,0,1,0,0
9330235.03,0235.03,933,Vancouver,B,59933,59,British Columbia / Colombie-Britannique,0,2,0,0,0,1,0,1,0,0,0
9700010.00,0010.00,970,Prince George,K,59970,59,British Columbia / Colombie-Britannique,0,0,0,0,1,1,0,0,3,0,1
5350249.04,0249.04,535,Toronto,B,35535,35,Ontario,0,1,0,0,0,0,0,0,0,0,0
5350078.00,0078.00,535,Toronto,B,35535,35,Ontario,0,1,0,0,1,0,0,0,0,1,0
9330505.02,0505.02,933,Vancouver,B,59933,59,British Columbia / Colombie-Britannique,0,0,0,1,2,0,0,0,2,0,0
9330112.00,0112.00,933,Vancouver,B,59933,59,British Columbia / Colombie-Britannique,0,1,0,0,1,0,0,0,0,0,0
5350572.05,0572.05,535,Toronto,B,35535,35,Ontario,0,0,0,0,0,1,0,0,0,0,0
5350026.00,0026.00,535,Toronto,B,35535,35,Ontario,0,3,0,0,4,2,0,1,0,0,0
5350344.01,0344.01,535,Toronto,B,35535,35,Ontario,0,1,0,0,3,0,1,0,0,0,0
4620135.00,0135.00,462,Montréal,B,24462,24,Quebec / Québec,0,1,2,0,1,2,0,0,0,0,0
9330183.06,0183.06,933,Vancouver,B,59933,59,British Columbia / Colombie-Britannique,0,0,0,0,0,1,0,1,2,0,0
2050132.07,0132.07,205,Halifax,B,12205,12,Nova Scotia / Nouvelle-Écosse,0,0,0,0,0,0,0,0,1,0,0
9350123.01,0123.01,935,Victoria,B,59935,59,British Columbia / Colombie-Britannique,2,1,1,0,0,0,0,0,0,1,0
5350244.01,0244.01,535,Toronto,B,35535,35,Ontario,0,1,0,0,1,0,0,0,0,0,0
6020552.02,0552.02,602,Winnipeg,B,46602,46,Manitoba,0,4,0,0,0,0,0,0,0,0,0
8300003.00,0003.00,830,Red Deer,K,48830,48,Alberta,1,0,1,0,1,0,1,0,0,0,0
9330118.00,0118.00,933,Vancouver,B,59933,59,British Columbia / Colombie-Britannique,0,7,0,1,5,0,4,4,8,0,0
5500101.00,0101.00,550,Guelph,B,35550,35,Ontario,1,0,1,0,2,0,0,0,0,0,0
5050602.03,0602.03,505,Ottawa - Gatineau (partie du Québec / Quebec part),B,24505,24,Quebec / Québec,0,6,3,0,3,4,1,4,2,0,0
3200021.00,0021.00,320,Fredericton,K,13320,13,New Brunswick / Nouveau-Brunswick,0,0,0,0,1,2,0,0,0,0,0
4620354.00,0354.00,462,Montréal,B,24462,24,Quebec / Québec,0,2,0,0,1,0,0,0,0,0,0
8350057.00,0057.00,835,Edmonton,B,48835,48,Alberta,2,0,1,0,3,0,0,0,0,0,0
8050008.00,0008.00,805,Medicine Hat,K,48805,48,Alberta,0,1,0,0,6,5,2,0,1,0,0
4620632.02,0632.02,462,Montréal,B,24462,24,Quebec / Québec,0,1,0,0,4,2,0,0,0,0,0
9380002.00,0002.00,938,Nanaimo,K,59938,59,British Columbia / Colombie-Britannique,0,2,0,0,1,0,2,0,2,0,0
0010171.00,0171.00,001,St. John's,B,10001,10,Newfoundland and Labrador / Terre-Neuve-et-Labrador,0,2,0,0,1,0,0,1,2,0,0
5370024.00,0024.00,537,Hamilton,B,35537,35,Ontario,0,2,0,0,0,0,0,0,0,0,0
4620854.01,0854.01,462,Montréal,B,24462,24,Quebec / Québec,1,1,1,0,3,0,0,1,0,0,0
5550202.00,0202.00,555,London,B,35555,35,Ontario,0,10,1,0,1,0,0,0,0,0,0
5500001.09,0001.09,550,Guelph,B,35550,35,Ontario,0,0,0,0,0,1,0,0,0,0,0
8350078.05,0078.05,835,Edmonton,B,48835,48,Alberta,2,0,0,0,1,1,1,1,0,0,0
5350451.03,0451.03,535,Toronto,B,35535,35,Ontario,0,2,1,0,2,0,1,0,1,0,0
4620081.00,0081.00,462,Montréal,B,24462,24,Quebec / Québec,0,0,0,0,1,0,0,0,2,0,0
5350423.02,0423.02,535,Toronto,B,35535,35,Ontario,0,3,0,0,3,0,0,0,0,0,1
5350550.02,0550.02,535,Toronto,B,35535,35,Ontario,1,13,2,0,9,1,2,4,0,0,0
5350503.00,0503.00,535,Toronto,B,35535,35,Ontario,0,1,0,0,0,0,2,1,0,0,1
3100002.02,0002.02,310,Saint John,B,13310,13,New Brunswick / Nouveau-Brunswick,0,0,0,0,0,1,0,1,3,0,0
5350801.02,0801.02,535,Toronto,B,35535,35,Ontario,0,0,1,0,0,0,0,0,0,0,0
4620613.00,0613.00,462,Montréal,B,24462,24,Quebec / Québec,0,0,1,0,3,2,1,0,0,0,0
5950018.00,0018.00,595,Thunder Bay,B,35595,35,Ontario,0,0,1,0,0,0,0,0,1,0,0
5350450.06,0450.06,535,Toronto,B,35535,35,Ontario,0,0,0,1,0,0,0,0,0,0,0
9330290.04,0290.04,933,Vancouver,B,59933,59,British Columbia / Colombie-Britannique,0,0,0,0,0,0,0,0,0,0,0
7250016.00,0016.00,725,Saskatoon,B,47725,47,Saskatchewan,0,1,0,0,1,0,0,1,1,0,0
4620708.02,0708.02,462,Montréal,B,24462,24,Quebec / Québec,0,4,1,0,0,1,0,0,0,0,0
5290007.00,0007.00,529,Peterborough,B,35529,35,Ontario,1,32,6,6,35,9,3,2,6,0,0
5410002.03,0002.03,541,Kitchener - Cambridge - Waterloo,B,35541,35,Ontario,0,0,0,0,1,0,2,0,0,0,0
8350019.02,0019.02,835,Edmonton,B,48835,48,Alberta,2,2,0,0,1,1,1,0,0,0,0
5370061.00,0061.00,537,Hamilton,B,35537,35,Ontario,0,0,2,1,3,2,0,0,1,0,0
4210600.04,0600.04,421,Québec,B,24421,24,Quebec / Québec,0,0,0,0,0,1,1,0,0,0,0
8350110.01,0110.01,835,Edmonton,B,48835,48,Alberta,0,0,0,0,0,0,0,0,0,0,0
5350634.02,0634.02,535,Toronto,B,35535,35,Ontario,0,2,0,0,1,0,1,1,0,0,0
5320102.03,0102.03,532,Oshawa,B,35532,35,Ontario,1,5,0,0,4,1,2,0,2,1,0
8100101.00,0101.00,810,Lethbridge,K,48810,48,Alberta,0,0,0,0,0,0,0,0,0,0,0
4620683.00,0683.00,462,Montréal,B,24462,24,Quebec / Québec,0,1,0,0,4,2,0,0,2,0,0
4620646.02,0646.02,462,Montréal,B,24462,24,Quebec / Québec,0,0,0,1,2,0,0,0,0,0,0
5900015.00,0015.00,590,Sault Ste. Marie,K,35590,35,Ontario,0,0,1,0,8,3,1,2,7,0,1
5350007.01,0007.01,535,Toronto,B,35535,35,Ontario,2,2,4,0,0,0,0,0,0,0,0
6020536.00,0536.00,602,Winnipeg,B,46602,46,Manitoba,2,3,1,0,7,0,0,1,0,0,0
9700017.00,0017.00,970,Prince George,K,59970,59,British Columbia / Colombie-Britannique,0,0,0,0,1,1,1,0,1,0,0
4620420.00,0420.00,462,Montréal,B,24462,24,Quebec / Québec,0,0,5,0,3,0,0,0,0,0,0
4210280.01,0280.01,421,Québec,B,24421,24,Quebec / Québec,0,0,0,0,2,0,0,0,0,0,0
5350288.00,0288.00,535,Toronto,B,35535,35,Ontario,1,7,2,0,8,0,1,1,0,0,0
5410006.00,0006.00,541,Kitchener - Cambridge - Waterloo,B,35541,35,Ontario,0,0,0,0,2,0,0,0,0,0,0
4620750.02,0750.02,462,Montréal,B,24462,24,Quebec / Québec,0,1,0,0,1,0,0,0,0,0,0
9330185.16,0185.16,933,Vancouver,B,59933,59,British Columbia / Colombie-Britannique,0,9,1,2,5,1,0,1,0,0,0
5350612.25,0612.25,535,Toronto,B,35535,35,Ontario,0,0,0,0,0,1,1,0,0,0,0
8350075.03,0075.03,835,Edmonton,B,48835,48,Alberta,0,0,0,0,1,0,1,0,0,0,0
6020537.01,0537.01,602,Winnipeg,B,46602,46,Manitoba,0,0,0,0,1,0,0,0,2,0,0
5350007.02,0007.02,535,Toronto,B,35535,35,Ontario,0,5,1,0,4,1,1,1,3,0,0
5350600.01,0600.01,535,Toronto,B,35535,35,Ontario,0,3,0,1,1,0,1,0,1,1,0
5350353.03,0353.03,535,Toronto,B,35535,35,Ontario,0,0,0,0,0,1,0,1,0,0,0
5350514.02,0514.02,535,Toronto,B,35535,35,Ontario,0,1,0,0,1,0,0,0,0,0,0
9330235.04,0235.04,933,Vancouver,B,59933,59,British Columbia / Colombie-Britannique,0,3,0,0,2,0,0,0,0,0,0
5350323.01,0323.01,535,Toronto,B,35535,35,Ontario,0,0,0,0,1,0,0,0,0,0,0
5370017.00,0017.00,537,Hamilton,B,35537,35,Ontario,0,2,0,1,0,0,0,0,1,0,0
9330184.07,0184.07,933,Vancouver,B,59933,59,British Columbia / Colombie-Britannique,0,2,0,0,7,1,1,1,0,1,0
4620883.00,0883.00,462,Montréal,B,24462,24,Quebec / Québec,0,3,2,0,3,1,0,1,1,0,0
5350403.13,0403.13,535,Toronto,B,35535,35,Ontario,0,2,1,0,1,0,1,0,0,0,0
4330110.07,0110.07,433,Sherbrooke,B,24433,24,Quebec / Québec,1,0,1,0,2,2,0,1,0,0,0
5550013.00,0013.00,555,London,B,35555,35,Ontario,0,0,0,0,3,0,0,1,0,0,0
4620008.00,0008.00,462,Montréal,B,24462,24,Quebec / Québec,0,1,0,0,1,0,0,0,0,0,0
9330503.07,0503.07,933,Vancouver,B,59933,59,British Columbia / Colombie-Britannique,2,9,1,0,10,2,2,4,2,0,1
8350079.03,0079.03,835,Edmonton,B,48835,48,Alberta,1,0,0,0,1,0,1,0,2,0,0
9330054.01,0054.01,933,Vancouver,B,59933,59,British Columbia / Colombie-Britannique,0,1,0,0,0,0,0,0,0,0,0
5350323.02,0323.02,535,Toronto,B,35535,35,Ontario,1,2,2,0,1,0,0,0,0,0,0
4620832.00,0832.00,462,Montréal,B,24462,24,Quebec / Québec,2,1,0,0,1,1,0,0,1,0,0
9350152.00,0152.00,935,Victoria,B,59935,59,British Columbia / Colombie-Britannique,0,5,0,0,3,1,2,0,1,0,0
5350004.00,0004.00,535,Toronto,B,35535,35,Ontario,0,0,2,0,4,0,0,1,3,2,0
9300020.00,0020.00,930,Chilliwack,K,59930,59,British Columbia / Colombie-Britannique,0,6,0,0,5,1,1,3,1,0,1
9250012.00,0012.00,925,Kamloops,K,59925,59,British Columbia / Colombie-Britannique,0,2,0,0,10,1,2,4,3,1,1
5550005.03,0005.03,555,London,B,35555,35,Ontario,0,0,0,0,1,0,0,0,0,0,0
5350238.02,0238.02,535,Toronto,B,35535,35,Ontario,0,0,2,1,2,0,0,0,0,0,0
9330287.16,0287.16,933,Vancouver,B,59933,59,British Columbia / Colombie-Britannique,0,5,1,1,3,4,0,0,0,0,0
5350219.00,0219.00,535,Toronto,B,35535,35,Ontario,0,1,0,0,2,2,0,0,0,0,0
9330400.04,0400.04,933,Vancouver,B,59933,59,British Columbia / Colombie-Britannique,0,2,1,0,0,0,0,0,2,0,0
3200004.00,0004.00,320,Fredericton,K,13320,13,New Brunswick / Nouveau-Brunswick,1,6,0,1,11,0,0,3,3,0,0
5350337.00,0337.00,535,Toronto,B,35535,35,Ontario,0,2,3,0,0,1,0,1,2,0,1
5210010.00,0010.00,521,Kingston,B,35521,35,Ontario,2,4,1,0,10,0,1,0,0,0,0
9300012.00,0012.00,930,Chilliwack,K,59930,59,British Columbia / Colombie-Britannique,0,0,0,0,1,0,0,0,1,0,0
9330163.06,0163.06,933,Vancouver,B,59933,59,British Columbia / Colombie-Britannique,1,1,0,0,1,1,1,1,0,0,0
5350480.02,0480.02,535,Toronto,B,35535,35,Ontario,0,0,1,0,1,0,2,1,0,0,0
4620226.00,0226.00,462,Montréal,B,24462,24,Quebec / Québec,2,5,0,0,4,1,1,0,0,0,1
5550030.00,0030.00,555,London,B,35555,35,Ontario,0,1,1,0,0,0,0,0,0,0,0
5390240.00,0240.00,539,St. Catharines - Niagara,B,35539,35,Ontario,0,1,4,0,0,0,0,1,6,0,0
4330202.00,0202.00,433,Sherbrooke,B,24433,24,Quebec / Québec,0,0,1,0,0,0,0,0,3,0,0
2050121.03,0121.03,205,Halifax,B,12205,12,Nova Scotia / Nouvelle-Écosse,0,0,0,0,0,0,0,0,0,0,0
5350312.06,0312.06,535,Toronto,B,35535,35,Ontario,0,0,0,0,1,0,0,0,0,0,0
5390220.01,0220.01,539,St. Catharines - Niagara,B,35539,35,Ontario,0,0,0,0,0,0,0,0,1,0,0
5350204.00,0204.00,535,Toronto,B,35535,35,Ontario,0,2,0,0,1,2,0,1,0,0,2
4620284.00,0284.00,462,Montréal,B,24462,24,Quebec / Québec,0,2,0,0,0,0,0,0,0,0,0
9330287.01,0287.01,933,Vancouver,B,59933,59,British Columbia / Colombie-Britannique,0,0,0,0,0,0,0,0,0,0,0
5370048.00,0048.00,537,Hamilton,B,35537,35,Ontario,0,4,3,2,7,2,1,1,1,0,0
9330059.10,0059.10,933,Vancouver,B,59933,59,British Columbia / Colombie-Britannique,0,13,0,1,5,9,0,2,16,1,0
7250013.06,0013.06,725,Saskatoon,B,47725,47,Saskatchewan,0,0,0,0,0,0,0,0,0,0,0
4210273.02,0273.02,421,Québec,B,24421,24,Quebec / Québec,0,0,0,0,2,1,0,0,0,0,0
4210038.02,0038.02,421,Québec,B,24421,24,Quebec / Québec,0,2,0,0,2,0,0,0,0,0,0
5350528.01,0528.01,535,Toronto,B,35535,35,Ontario,0,0,0,0,1,0,0,0,0,0,0
6020111.00,0111.00,602,Winnipeg,B,46602,46,Manitoba,0,0,0,0,2,0,0,0,0,0,0
4210812.00,0812.00,421,Québec,B,24421,24,Quebec / Québec,1,2,8,1,9,3,0,0,5,0,0
8250206.04,0206.04,825,Calgary,B,48825,48,Alberta,0,0,0,0,1,0,1,0,0,0,0
5350613.01,0613.01,535,Toronto,B,35535,35,Ontario,0,0,0,0,0,0,0,0,0,0,0
5350303.00,0303.00,535,Toronto,B,35535,35,Ontario,0,2,0,0,1,0,0,0,0,0,0
6020501.03,0501.03,602,Winnipeg,B,46602,46,Manitoba,0,2,1,0,2,1,0,0,4,0,0
4620861.00,0861.00,462,Montréal,B,24462,24,Quebec / Québec,1,2,0,1,5,1,1,0,1,0,0
5350522.00,0522.00,535,Toronto,B,35535,35,Ontario,0,1,1,0,0,0,0,1,0,0,0
4620290.06,0290.06,462,Montréal,B,24462,24,Quebec / Québec,0,0,0,0,1,0,0,0,0,0,0
4210610.00,0610.00,421,Québec,B,24421,24,Quebec / Québec,0,0,1,0,0,0,0,0,0,0,0
4620710.08,0710.08,462,Montréal,B,24462,24,Quebec / Québec,0,0,1,0,0,1,0,0,0,0,0
8350042.02,0042.02,835,Edmonton,B,48835,48,Alberta,1,0,2,0,4,0,1,1,2,0,0
4620142.00,0142.00,462,Montréal,B,24462,24,Quebec / Québec,0,0,0,0,1,8,1,0,1,0,0
5370045.00,0045.00,537,Hamilton,B,35537,35,Ontario,2,7,0,1,2,0,0,1,0,0,1
5800011.00,0011.00,580,Greater Sudbury / Grand Sudbury,B,35580,35,Ontario,1,7,2,0,5,2,0,0,1,0,0
8250001.35,0001.35,825,Calgary,B,48825,48,Alberta,0,0,0,0,0,0,0,0,0,0,0
5210014.00,0014.00,521,Kingston,B,35521,35,Ontario,0,2,0,0,3,1,0,2,2,0,0
5350400.21,0400.21,535,Toronto,B,35535,35,Ontario,0,0,0,0,0,0,0,0,0,0,0
4620022.00,0022.00,462,Montréal,B,24462,24,Quebec / Québec,0,0,0,1,0,0,0,0,0,0,1
9320101.00,0101.00,932,Abbotsford - Mission,B,59932,59,British Columbia / Colombie-Britannique,0,0,0,0,5,1,1,2,3,0,0
5410004.01,0004.01,541,Kitchener - Cambridge - Waterloo,B,35541,35,Ontario,2,1,0,0,2,0,0,0,0,1,0
4620288.00,0288.00,462,Montréal,B,24462,24,Quebec / Québec,0,0,1,0,1,0,0,0,0,0,0
9330181.11,0181.11,933,Vancouver,B,59933,59,British Columbia / Colombie-Britannique,0,4,0,0,1,0,0,0,0,0,0
9330037.02,0037.02,933,Vancouver,B,59933,59,British Columbia / Colombie-Britannique,0,2,2,3,6,1,0,0,0,0,0
5320105.08,0105.08,532,Oshawa,B,35532,35,Ontario,0,0,0,0,0,0,0,0,0,0,0
8350008.01,0008.01,835,Edmonton,B,48835,48,Alberta,0,2,0,0,0,0,0,0,0,0,0
5590030.00,0030.00,559,Windsor,B,35559,35,Ontario,0,0,1,0,0,1,0,0,1,0,0
5590021.00,0021.00,559,Windsor,B,35559,35,Ontario,0,0,0,0,0,2,0,1,0,0,0
5350422.02,0422.02,535,Toronto,B,35535,35,Ontario,0,0,0,0,0,0,2,0,1,0,0
5320015.01,0015.01,532,Oshawa,B,35532,35,Ontario,0,0,0,0,1,0,1,3,1,0,0
5350528.18,0528.18,535,Toronto,B,35535,35,Ontario,0,0,0,0,0,0,0,1,0,0,0
5050014.00,0014.00,505,Ottawa - Gatineau (Ontario part / partie de l'Ontario),B,35505,35,Ontario,0,0,0,0,2,0,0,0,0,0,0
5350528.45,0528.45,535,Toronto,B,35535,35,Ontario,0,0,0,0,0,0,0,0,0,0,0
8250076.19,0076.19,825,Calgary,B,48825,48,Alberta,0,0,0,0,0,0,0,0,0,0,0
9330228.02,0228.02,933,Vancouver,B,59933,59,British Columbia / Colombie-Britannique,0,0,0,0,0,0,0,0,0,0,0
4620124.00,0124.00,462,Montréal,B,24462,24,Quebec / Québec,0,0,0,0,4,0,1,0,0,0,0
8350026.02,0026.02,835,Edmonton,B,48835,48,Alberta,0,0,0,0,0,0,1,0,0,0,0
9330042.00,0042.00,933,Vancouver,B,59933,59,British Columbia / Colombie-Britannique,0,1,0,0,1,0,2,0,2,0,0
5050511.01,0511.01,505,Ottawa - Gatineau (partie du Québec / Quebec part),B,24505,24,Quebec / Québec,0,3,0,0,2,0,0,0,0,0,0
4210140.03,0140.03,421,Québec,B,24421,24,Quebec / Québec,0,0,0,0,5,1,0,0,2,0,0
4620702.01,0702.01,462,Montréal,B,24462,24,Quebec / Québec,0,1,0,0,0,0,0,0,0,0,0
8250205.01,0205.01,825,Calgary,B,48825,48,Alberta,1,0,0,0,0,1,1,0,4,0,0
5050171.03,0171.03,505,Ottawa - Gatineau (Ontario part / partie de l'Ontario),B,35505,35,Ontario,0,0,1,0,4,1,0,0,0,0,0
5350312.04,0312.04,535,Toronto,B,35535,35,Ontario,1,2,1,0,0,0,0,0,0,0,0
9330191.05,0191.05,933,Vancouver,B,59933,59,British Columbia / Colombie-Britannique,0,0,0,0,1,0,0,0,0,0,0
5350431.01,0431.01,535,Toronto,B,35535,35,Ontario,0,1,0,1,0,0,0,0,0,0,0
5370223.02,0223.02,537,Hamilton,B,35537,35,Ontario,0,1,0,0,2,0,0,0,0,0,0
5320202.05,0202.05,532,Oshawa,B,35532,35,Ontario,0,0,0,0,0,0,0,0,1,0,0
4620390.00,0390.00,462,Montréal,B,24462,24,Quebec / Québec,0,1,0,0,2,2,1,0,0,0,0
5350121.00,0121.00,535,Toronto,B,35535,35,Ontario,1,5,2,0,6,0,0,0,0,0,0
8100007.00,0007.00,810,Lethbridge,K,48810,48,Alberta,7,30,9,2,34,11,6,5,8,0,1
6020540.01,0540.01,602,Winnipeg,B,46602,46,Manitoba,0,0,0,0,0,0,0,0,0,0,0
5550042.00,0042.00,555,London,B,35555,35,Ontario,0,2,0,0,1,0,0,0,0,0,1
5350528.19,0528.19,535,Toronto,B,35535,35,Ontario,0,0,0,0,0,0,0,0,0,0,0
4620888.02,0888.02,462,Montréal,B,24462,24,Quebec / Québec,0,2,2,0,0,0,0,0,0,0,0
9330243.02,0243.02,933,Vancouver,B,59933,59,British Columbia / Colombie-Britannique,0,1,0,0,0,1,0,0,0,0,0
5590005.00,0005.00,559,Windsor,B,35559,35,Ontario,0,1,0,1,3,0,1,0,0,0,0
4420213.00,0213.00,442,Trois-Rivières,B,24442,24,Quebec / Québec,0,0,0,0,0,1,0,0,1,0,0
4420101.04,0101.04,442,Trois-Rivières,B,24442,24,Quebec / Québec,0,0,0,0,1,0,0,0,0,0,0
5050007.03,0007.03,505,Ottawa - Gatineau (Ontario part / partie de l'Ontario),B,35505,35,Ontario,0,0,0,0,0,0,0,0,0,0,0
5430003.00,0003.00,543,Brantford,B,35543,35,Ontario,0,3,0,0,6,2,0,0,1,0,0
5590039.00,0039.00,559,Windsor,B,35559,35,Ontario,0,0,0,0,5,2,0,0,0,0,0
4620728.01,0728.01,462,Montréal,B,24462,24,Quebec / Québec,0,0,0,0,0,0,0,0,0,0,0
4620211.00,0211.00,462,Montréal,B,24462,24,Quebec / Québec,0,1,1,0,4,1,1,0,0,0,0
5210001.00,0001.00,521,Kingston,B,35521,35,Ontario,6,21,3,3,12,6,1,1,17,0,0
9380007.00,0007.00,938,Nanaimo,K,59938,59,British Columbia / Colombie-Britannique,0,1,0,1,2,1,0,0,1,0,0
9330260.06,0260.06,933,Vancouver,B,59933,59,British Columbia / Colombie-Britannique,0,0,0,0,0,0,0,0,2,0,0
5620110.01,0110.01,562,Sarnia,K,35562,35,Ontario,0,2,1,1,1,0,2,0,0,0,0
5370080.06,0080.06,537,Hamilton,B,35537,35,Ontario,0,0,1,0,2,0,0,0,1,0,0
5320002.03,0002.03,532,Oshawa,B,35532,35,Ontario,0,1,0,0,2,0,1,0,2,0,0
9330014.02,0014.02,933,Vancouver,B,59933,59,British Columbia / Colombie-Britannique,0,0,1,0,1,0,0,0,0,0,1
4620266.00,0266.00,462,Montréal,B,24462,24,Quebec / Québec,0,3,1,0,4,1,0,0,0,0,0
9330114.01,0114.01,933,Vancouver,B,59933,59,British Columbia / Colombie-Britannique,0,1,0,0,0,0,0,0,0,0,0
3100024.00,0024.00,310,Saint John,B,13310,13,New Brunswick / Nouveau-Brunswick,1,1,0,1,0,0,0,0,0,0,0
5320005.00,0005.00,532,Oshawa,B,35532,35,Ontario,1,1,0,1,6,1,0,0,1,0,0
5050001.08,0001.08,505,Ottawa - Gatineau (Ontario part / partie de l'Ontario),B,35505,35,Ontario,0,3,0,0,12,1,1,0,0,0,0
4210031.00,0031.00,421,Québec,B,24421,24,Quebec / Québec,0,0,1,0,2,0,0,0,0,0,0
5350315.01,0315.01,535,Toronto,B,35535,35,Ontario,1,1,1,0,0,0,0,1,0,0,0
3100018.00,0018.00,310,Saint John,B,13310,13,New Brunswick / Nouveau-Brunswick,0,1,0,0,2,2,0,0,2,0,0
8350023.00,0023.00,835,Edmonton,B,48835,48,Alberta,7,5,2,1,14,2,2,0,2,0,0
5430011.03,0011.03,543,Brantford,B,35543,35,Ontario,0,0,0,0,0,0,0,0,0,0,0
9350011.00,0011.00,935,Victoria,B,59935,59,British Columbia / Colombie-Britannique,0,2,0,1,8,0,1,1,3,0,0
4620750.05,0750.05,462,Montréal,B,24462,24,Quebec / Québec,0,5,3,0,3,3,1,1,0,0,0
5620102.03,0102.03,562,Sarnia,K,35562,35,Ontario,0,0,1,0,3,0,1,0,0,0,0
5050125.01,0125.01,505,Ottawa - Gatineau (Ontario part / partie de l'Ontario),B,35505,35,Ontario,0,2,1,0,0,1,0,0,0,0,0
9330052.02,0052.02,933,Vancouver,B,59933,59,British Columbia / Colombie-Britannique,0,0,0,0,0,0,0,0,1,0,0
5350636.00,0636.00,535,Toronto,B,35535,35,Ontario,0,0,0,0,1,0,0,0,0,0,0
4620600.03,0600.03,462,Montréal,B,24462,24,Quebec / Québec,0,4,5,0,5,3,0,0,0,0,1
9380009.00,0009.00,938,Nanaimo,K,59938,59,British Columbia / Colombie-Britannique,0,1,0,0,0,0,0,1,0,0,0
9320014.00,0014.00,932,Abbotsford - Mission,B,59932,59,British Columbia / Colombie-Britannique,0,0,1,1,2,0,0,1,0,0,0
5390014.02,0014.02,539,St. Catharines - Niagara,B,35539,35,Ontario,0,0,2,0,0,1,0,0,0,0,0
4620021.00,0021.00,462,Montréal,B,24462,24,Quebec / Québec,0,2,0,0,7,3,0,0,0,0,0
5590040.00,0040.00,559,Windsor,B,35559,35,Ontario,0,1,2,0,3,0,0,0,1,0,0
9330019.00,0019.00,933,Vancouver,B,59933,59,British Columbia / Colombie-Britannique,0,0,0,0,0,1,0,0,0,0,0
4620244.00,0244.00,462,Montréal,B,24462,24,Quebec / Québec,0,0,0,0,1,0,0,0,0,0,0
4621002.00,1002.00,462,Montréal,B,24462,24,Quebec / Québec,0,0,2,0,3,1,0,0,0,0,0
5370013.00,0013.00,537,Hamilton,B,35537,35,Ontario,1,0,0,0,0,0,0,0,1,0,0
4620090.00,0090.00,462,Montréal,B,24462,24,Quebec / Québec,0,0,0,0,2,0,0,0,0,0,0
4330017.00,0017.00,433,Sherbrooke,B,24433,24,Quebec / Québec,0,0,1,0,5,1,0,0,1,1,0
3100120.02,0120.02,310,Saint John,B,13310,13,New Brunswick / Nouveau-Brunswick,1,0,1,0,1,1,0,1,1,0,0
4420004.00,0004.00,442,Trois-Rivières,B,24442,24,Quebec / Québec,1,0,3,0,6,2,0,0,1,0,0
4500001.00,0001.00,450,Granby,K,24450,24,Quebec / Québec,0,0,1,1,2,0,0,1,2,0,0
5320203.04,0203.04,532,Oshawa,B,35532,35,Ontario,0,0,0,0,0,0,0,0,0,0,0
9330047.01,0047.01,933,Vancouver,B,59933,59,British Columbia / Colombie-Britannique,1,2,0,0,0,0,0,0,0,0,0
5750009.00,0009.00,575,North Bay,K,35575,35,Ontario,1,0,0,1,4,0,1,1,0,0,1
5220501.00,0501.00,522,Belleville,K,35522,35,Ontario,0,0,0,0,0,0,0,0,0,0,0
0010200.03,0200.03,001,St. John's,B,10001,10,Newfoundland and Labrador / Terre-Neuve-et-Labrador,0,0,0,1,1,1,0,0,1,0,0
3100111.00,0111.00,310,Saint John,B,13310,13,New Brunswick / Nouveau-Brunswick,0,0,1,0,1,0,0,0,4,0,0
4330110.04,0110.04,433,Sherbrooke,B,24433,24,Quebec / Québec,0,2,0,0,5,0,0,0,0,0,0
4620353.00,0353.00,462,Montréal,B,24462,24,Quebec / Québec,0,2,0,0,0,0,0,0,0,0,0
5350620.04,0620.04,535,Toronto,B,35535,35,Ontario,2,0,0,0,2,0,0,0,0,0,0
5390331.01,0331.01,539,St. Catharines - Niagara,B,35539,35,Ontario,0,2,0,0,6,1,0,0,1,0,1
5350321.02,0321.02,535,Toronto,B,35535,35,Ontario,2,3,1,0,3,0,1,1,0,0,0
5350200.00,0200.00,535,Toronto,B,35535,35,Ontario,0,4,0,0,3,0,0,1,0,0,0
5680005.00,0005.00,568,Barrie,B,35568,35,Ontario,0,4,1,0,1,0,0,1,5,0,0
5410126.07,0126.07,541,Kitchener - Cambridge - Waterloo,B,35541,35,Ontario,0,0,1,0,1,0,1,0,0,0,0
5050024.00,0024.00,505,Ottawa - Gatineau (Ontario part / partie de l'Ontario),B,35505,35,Ontario,0,1,0,0,1,0,0,0,0,0,0
9330039.02,0039.02,933,Vancouver,B,59933,59,British Columbia / Colombie-Britannique,8,4,2,1,9,0,2,1,2,0,0
9330227.01,0227.01,933,Vancouver,B,59933,59,British Columbia / Colombie-Britannique,0,0,0,0,1,0,0,0,0,0,0
5350378.02,0378.02,535,Toronto,B,35535,35,Ontario,1,3,0,0,1,1,0,2,0,0,0
6020132.00,0132.00,602,Winnipeg,B,46602,46,Manitoba,0,1,0,0,2,0,0,0,0,0,0
5350528.32,0528.32,535,Toronto,B,35535,35,Ontario,0,1,0,0,0,0,0,0,0,0,0
4590302.00,0302.00,459,Saint-Jean-sur-Richelieu,K,24459,24,Quebec / Québec,0,0,1,0,0,3,1,0,0,0,0
4620161.00,0161.00,462,Montréal,B,24462,24,Quebec / Québec,0,0,0,0,1,2,0,0,0,0,0
5050039.00,0039.00,505,Ottawa - Gatineau (Ontario part / partie de l'Ontario),B,35505,35,Ontario,0,2,0,0,3,0,0,0,2,0,0
4620700.03,0700.03,462,Montréal,B,24462,24,Quebec / Québec,0,2,1,1,0,0,0,1,0,0,0
9330147.10,0147.10,933,Vancouver,B,59933,59,British Columbia / Colombie-Britannique,0,0,1,0,1,0,0,0,0,0,0
4620756.02,0756.02,462,Montréal,B,24462,24,Quebec / Québec,0,0,0,0,0,0,0,0,0,0,0
4500011.00,0011.00,450,Granby,K,24450,24,Quebec / Québec,0,0,5,0,1,1,1,0,1,0,0
5800130.00,0130.00,580,Greater Sudbury / Grand Sudbury,B,35580,35,Ontario,0,0,0,0,2,0,1,0,0,0,1
5410106.03,0106.03,541,Kitchener - Cambridge - Waterloo,B,35541,35,Ontario,0,4,0,0,6,0,2,0,2,0,0
9320013.00,0013.00,932,Abbotsford - Mission,B,59932,59,British Columbia / Colombie-Britannique,0,1,0,0,2,0,0,0,1,0,0
5550130.00,0130.00,555,London,B,35555,35,Ontario,0,1,0,0,3,0,0,0,0,0,0
6020500.09,0500.09,602,Winnipeg,B,46602,46,Manitoba,0,0,0,0,0,0,0,0,1,0,0
5590011.01,0011.01,559,Windsor,B,35559,35,Ontario,0,2,0,0,0,0,2,1,9,0,0
4620163.00,0163.00,462,Montréal,B,24462,24,Quebec / Québec,0,1,0,1,8,4,1,0,1,1,0
9330188.02,0188.02,933,Vancouver,B,59933,59,British Columbia / Colombie-Britannique,0,0,0,0,1,0,0,0,0,0,0
2050131.01,0131.01,205,Halifax,B,12205,12,Nova Scotia / Nouvelle-Écosse,0,0,0,0,0,0,0,0,0,0,0
9330043.02,0043.02,933,Vancouver,B,59933,59,British Columbia / Colombie-Britannique,0,2,0,0,1,0,0,0,1,0,0
5050104.00,0104.00,505,Ottawa - Gatineau (Ontario part / partie de l'Ontario),B,35505,35,Ontario,0,0,0,1,4,0,0,0,0,0,0
5350271.02,0271.02,535,Toronto,B,35535,35,Ontario,0,1,0,0,0,0,0,0,0,0,0
4620632.01,0632.01,462,Montréal,B,24462,24,Quebec / Québec,0,0,0,0,1,0,0,1,0,0,0
5370073.00,0073.00,537,Hamilton,B,35537,35,Ontario,0,0,0,0,0,0,0,0,1,0,0
4620687.04,0687.04,462,Montréal,B,24462,24,Quebec / Québec,0,0,1,0,1,0,0,0,0,0,0
5350307.05,0307.05,535,Toronto,B,35535,35,Ontario,0,2,0,0,0,1,0,0,0,0,0
5350047.01,0047.01,535,Toronto,B,35535,35,Ontario,0,0,0,0,1,1,0,1,0,0,0
5050034.00,0034.00,505,Ottawa - Gatineau (Ontario part / partie de l'Ontario),B,35505,35,Ontario,5,2,1,0,2,0,0,1,0,0,0
5680011.01,0011.01,568,Barrie,B,35568,35,Ontario,0,1,1,0,0,0,2,0,0,0,0
4620132.00,0132.00,462,Montréal,B,24462,24,Quebec / Québec,4,2,1,2,5,6,1,1,4,1,0
8250076.17,0076.17,825,Calgary,B,48825,48,Alberta,0,0,0,0,0,0,1,0,0,0,0
9330410.06,0410.06,933,Vancouver,B,59933,59,British Columbia / Colombie-Britannique,0,0,0,0,1,0,0,0,0,0,0
5900100.00,0100.00,590,Sault Ste. Marie,K,35590,35,Ontario,0,0,0,0,1,0,0,0,5,0,0
8250038.13,0038.13,825,Calgary,B,48825,48,Alberta,0,0,0,0,0,0,0,0,0,0,0
5800161.02,0161.02,580,Greater Sudbury / Grand Sudbury,B,35580,35,Ontario,0,0,1,0,0,0,0,0,1,0,0
5350167.02,0167.02,535,Toronto,B,35535,35,Ontario,0,0,1,0,1,0,0,0,0,0,0
5390209.03,0209.03,539,St. Catharines - Niagara,B,35539,35,Ontario,1,0,2,0,2,0,0,1,8,0,0
9150002.00,0002.00,915,Kelowna,B,59915,59,British Columbia / Colombie-Britannique,0,3,0,1,0,1,0,0,0,0,0
4470102.00,0102.00,447,Drummondville,K,24447,24,Quebec / Québec,0,0,1,0,0,0,0,0,0,0,0
5350400.22,0400.22,535,Toronto,B,35535,35,Ontario,0,0,0,0,1,0,0,0,0,0,0
5370080.01,0080.01,537,Hamilton,B,35537,35,Ontario,0,0,0,0,2,0,0,0,0,0,0
5370132.00,0132.00,537,Hamilton,B,35537,35,Ontario,0,3,3,0,4,0,1,2,0,0,0
3050003.01,0003.01,305,Moncton,B,13305,13,New Brunswick / Nouveau-Brunswick,0,2,1,0,1,1,0,1,1,0,0
9350128.00,0128.00,935,Victoria,B,59935,59,British Columbia / Colombie-Britannique,1,0,2,0,2,1,0,0,1,0,0
5350319.00,0319.00,535,Toronto,B,35535,35,Ontario,0,2,0,0,3,0,0,1,0,0,0
2050150.01,0150.01,205,Halifax,B,12205,12,Nova Scotia / Nouvelle-Écosse,0,0,0,0,4,0,1,0,1,0,0
5350424.07,0424.07,535,Toronto,B,35535,35,Ontario,0,0,0,0,0,0,0,0,0,0,0
5350302.02,0302.02,535,Toronto,B,35535,35,Ontario,0,0,0,0,1,0,0,0,0,0,0
5350250.04,0250.04,535,Toronto,B,35535,35,Ontario,1,1,0,0,0,0,0,0,0,0,0
5950014.00,0014.00,595,Thunder Bay,B,35595,35,Ontario,0,9,0,0,11,6,1,1,7,0,2
5550207.00,0207.00,555,London,B,35555,35,Ontario,0,0,1,0,3,0,0,0,2,0,0
4620393.00,0393.00,462,Montréal,B,24462,24,Quebec / Québec,1,1,1,0,5,0,0,0,0,0,0
9330162.04,0162.04,933,Vancouver,B,59933,59,British Columbia / Colombie-Britannique,0,0,0,0,0,2,0,0,0,0,0
8250038.10,0038.10,825,Calgary,B,48825,48,Alberta,0,0,0,0,0,1,0,1,0,0,0
4080164.00,0164.00,408,Saguenay,B,24408,24,Quebec / Québec,0,0,0,0,3,0,0,0,1,0,0
8250200.05,0200.05,825,Calgary,B,48825,48,Alberta,0,1,0,0,1,0,0,0,0,0,0
8250200.06,0200.06,825,Calgary,B,48825,48,Alberta,0,1,0,0,1,0,0,1,0,0,0
8350106.02,0106.02,835,Edmonton,B,48835,48,Alberta,0,0,0,0,0,0,0,0,0,0,0
5350573.03,0573.03,535,Toronto,B,35535,35,Ontario,1,4,1,0,3,0,0,2,0,0,0
5410015.00,0015.00,541,Kitchener - Cambridge - Waterloo,B,35541,35,Ontario,0,0,0,0,1,0,0,1,0,0,0
5350055.00,0055.00,535,Toronto,B,35535,35,Ontario,0,3,0,0,2,1,0,0,1,0,0
5370051.00,0051.00,537,Hamilton,B,35537,35,Ontario,2,3,5,2,8,0,0,0,1,0,0
5410008.01,0008.01,541,Kitchener - Cambridge - Waterloo,B,35541,35,Ontario,0,0,0,0,1,0,0,0,0,0,0
5050601.01,0601.01,505,Ottawa - Gatineau (partie du Québec / Quebec part),B,24505,24,Quebec / Québec,0,1,0,0,3,2,0,1,1,1,0
2050106.01,0106.01,205,Halifax,B,12205,12,Nova Scotia / Nouvelle-Écosse,0,1,0,1,0,1,0,0,0,0,0
4620290.04,0290.04,462,Montréal,B,24462,24,Quebec / Québec,0,0,0,0,2,1,1,0,0,0,0
5050050.00,0050.00,505,Ottawa - Gatineau (Ontario part / partie de l'Ontario),B,35505,35,Ontario,0,0,0,0,5,0,0,0,3,0,0
9330189.09,0189.09,933,Vancouver,B,59933,59,British Columbia / Colombie-Britannique,0,0,1,0,0,0,0,0,0,0,0
5350576.22,0576.22,535,Toronto,B,35535,35,Ontario,0,1,0,0,0,0,0,1,0,0,0
5350298.00,0298.00,535,Toronto,B,35535,35,Ontario,0,5,0,0,1,0,1,0,0,0,0
5370083.00,0083.00,537,Hamilton,B,35537,35,Ontario,0,2,0,0,1,2,3,0,0,0,0
4080163.00,0163.00,408,Saguenay,B,24408,24,Quebec / Québec,0,2,4,0,1,0,0,0,7,0,0
9300025.00,0025.00,930,Chilliwack,K,59930,59,British Columbia / Colombie-Britannique,0,0,0,0,2,1,0,0,4,0,1
4500015.00,0015.00,450,Granby,K,24450,24,Quebec / Québec,0,0,0,0,2,0,0,0,0,0,0
9330034.01,0034.01,933,Vancouver,B,59933,59,British Columbia / Colombie-Britannique,0,0,0,0,3,0,0,1,0,0,0
6020140.01,0140.01,602,Winnipeg,B,46602,46,Manitoba,0,0,0,0,0,0,0,0,0,0,0
4620521.07,0521.07,462,Montréal,B,24462,24,Quebec / Québec,0,0,4,0,0,0,1,0,0,0,0
9330027.02,0027.02,933,Vancouver,B,59933,59,British Columbia / Colombie-Britannique,1,0,0,0,0,0,0,0,2,0,0
4210802.00,0802.00,421,Québec,B,24421,24,Quebec / Québec,0,0,0,1,0,0,0,0,2,0,0
4620233.00,0233.00,462,Montréal,B,24462,24,Quebec / Québec,0,2,1,0,3,1,0,0,0,0,1
9350156.03,0156.03,935,Victoria,B,59935,59,British Columbia / Colombie-Britannique,0,5,1,0,5,1,2,0,8,1,0
5550007.02,0007.02,555,London,B,35555,35,Ontario,0,1,0,0,2,0,1,0,0,0,0
8300008.03,0008.03,830,Red Deer,K,48830,48,Alberta,0,0,0,0,0,1,1,0,1,0,0
4620301.00,0301.00,462,Montréal,B,24462,24,Quebec / Québec,0,1,0,0,1,0,0,0,0,0,0
9330012.00,0012.00,933,Vancouver,B,59933,59,British Columbia / Colombie-Britannique,0,3,0,0,1,0,2,1,0,0,0
9330160.04,0160.04,933,Vancouver,B,59933,59,British Columbia / Colombie-Britannique,0,1,0,0,1,2,4,0,2,0,0
4420002.00,0002.00,442,Trois-Rivières,B,24442,24,Quebec / Québec,1,20,11,3,19,11,1,1,8,0,1
4620088.00,0088.00,462,Montréal,B,24462,24,Quebec / Québec,0,0,0,0,6,0,0,0,0,0,1
6020550.00,0550.00,602,Winnipeg,B,46602,46,Manitoba,0,1,0,0,2,0,0,1,3,0,0
4080002.02,0002.02,408,Saguenay,B,24408,24,Quebec / Québec,0,0,0,0,1,1,0,1,2,0,0
4620755.01,0755.01,462,Montréal,B,24462,24,Quebec / Québec,1,5,2,1,5,4,1,1,5,0,0
8350104.13,0104.13,835,Edmonton,B,48835,48,Alberta,0,0,0,0,0,0,2,0,0,0,0
9350006.00,0006.00,935,Victoria,B,59935,59,British Columbia / Colombie-Britannique,0,0,1,1,0,0,0,0,1,0,0
5390324.00,0324.00,539,St. Catharines - Niagara,B,35539,35,Ontario,0,0,2,0,2,0,0,0,2,0,0
6020560.06,0560.06,602,Winnipeg,B,46602,46,Manitoba,1,0,1,0,1,0,0,0,0,0,0
5370031.00,0031.00,537,Hamilton,B,35537,35,Ontario,0,1,1,0,1,0,0,0,0,0,0
5350421.01,0421.01,535,Toronto,B,35535,35,Ontario,0,4,1,0,0,0,1,1,1,0,0
5390207.00,0207.00,539,St. Catharines - Niagara,B,35539,35,Ontario,2,2,1,0,7,2,1,0,8,0,0
5370144.02,0144.02,537,Hamilton,B,35537,35,Ontario,0,0,0,0,0,0,0,0,0,0,0
4080150.00,0150.00,408,Saguenay,B,24408,24,Quebec / Québec,0,0,1,1,6,1,0,0,3,0,0
5350033.00,0033.00,535,Toronto,B,35535,35,Ontario,0,3,0,0,7,2,0,1,2,1,0
5350460.02,0460.02,535,Toronto,B,35535,35,Ontario,0,0,0,1,3,0,0,0,2,0,0
2050152.00,0152.00,205,Halifax,B,12205,12,Nova Scotia / Nouvelle-Écosse,0,0,0,0,0,0,0,0,2,0,0
4620709.02,0709.02,462,Montréal,B,24462,24,Quebec / Québec,0,0,0,0,3,1,0,0,0,0,0
8250047.00,0047.00,825,Calgary,B,48825,48,Alberta,2,2,1,0,4,2,4,0,1,0,0
5550004.04,0004.04,555,London,B,35555,35,Ontario,0,0,0,0,0,0,1,0,0,0,0
5350082.00,0082.00,535,Toronto,B,35535,35,Ontario,0,1,0,1,5,1,0,1,0,0,1
5800001.01,0001.01,580,Greater Sudbury / Grand Sudbury,B,35580,35,Ontario,4,1,2,0,4,0,0,0,4,1,0
5350279.01,0279.01,535,Toronto,B,35535,35,Ontario,0,3,0,0,4,0,0,1,0,0,1
4620756.04,0756.04,462,Montréal,B,24462,24,Quebec / Québec,0,4,2,0,2,2,1,0,1,0,0
5350311.04,0311.04,535,Toronto,B,35535,35,Ontario,0,0,0,0,0,0,0,0,0,0,0
5050001.01,0001.01,505,Ottawa - Gatineau (Ontario part / partie de l'Ontario),B,35505,35,Ontario,0,1,0,0,4,0,2,0,0,0,0
5050136.02,0136.02,505,Ottawa - Gatineau (Ontario part / partie de l'Ontario),B,35505,35,Ontario,0,5,1,0,4,1,3,0,2,0,0
5350283.01,0283.01,535,Toronto,B,35535,35,Ontario,0,0,4,0,2,0,0,0,0,0,0
5350576.40,0576.40,535,Toronto,B,35535,35,Ontario,1,4,0,0,5,1,1,1,3,0,0
9330282.01,0282.01,933,Vancouver,B,59933,59,British Columbia / Colombie-Britannique,0,2,2,0,4,1,2,2,1,0,0
5050125.06,0125.06,505,Ottawa - Gatineau (Ontario part / partie de l'Ontario),B,35505,35,Ontario,0,1,0,0,1,0,0,0,0,0,0
5350367.02,0367.02,535,Toronto,B,35535,35,Ontario,1,0,0,0,0,0,0,0,0,0,0
4210220.01,0220.01,421,Québec,B,24421,24,Quebec / Québec,0,0,1,0,2,0,0,0,3,0,0
5350287.02,0287.02,535,Toronto,B,35535,35,Ontario,3,1,1,0,0,0,0,0,0,0,0
5370131.00,0131.00,537,Hamilton,B,35537,35,Ontario,0,1,1,0,3,0,0,0,1,0,0
9330014.01,0014.01,933,Vancouver,B,59933,59,British Columbia / Colombie-Britannique,0,0,0,1,0,1,1,0,0,0,0
4620129.02,0129.02,462,Montréal,B,24462,24,Quebec / Québec,0,5,0,0,3,0,1,3,3,0,0
4620903.08,0903.08,462,Montréal,B,24462,24,Quebec / Québec,0,0,0,0,0,0,0,0,0,0,0
4420010.00,0010.00,442,Trois-Rivières,B,24442,24,Quebec / Québec,1,0,3,0,3,1,0,0,0,0,0
5950001.00,0001.00,595,Thunder Bay,B,35595,35,Ontario,0,0,0,0,1,0,0,0,0,0,0
5320105.04,0105.04,532,Oshawa,B,35532,35,Ontario,1,0,1,0,0,0,0,0,0,0,0
4620100.01,0100.01,462,Montréal,B,24462,24,Quebec / Québec,0,2,2,0,0,0,1,0,0,0,0
9330189.03,0189.03,933,Vancouver,B,59933,59,British Columbia / Colombie-Britannique,0,0,0,0,1,1,0,0,1,0,1
9330185.05,0185.05,933,Vancouver,B,59933,59,British Columbia / Colombie-Britannique,0,0,0,0,2,0,1,1,0,0,0
8250048.00,0048.00,825,Calgary,B,48825,48,Alberta,2,1,0,0,5,1,0,0,1,0,0
4620109.00,0109.00,462,Montréal,B,24462,24,Quebec / Québec,0,0,0,0,1,0,0,0,1,0,0
5350511.01,0511.01,535,Toronto,B,35535,35,Ontario,1,2,0,0,1,0,0,0,0,0,0
5210002.00,0002.00,521,Kingston,B,35521,35,Ontario,3,6,0,1,4,2,1,0,0,0,2
5350810.05,0810.05,535,Toronto,B,35535,35,Ontario,0,3,0,0,2,1,0,0,0,0,0
7250002.02,0002.02,725,Saskatoon,B,47725,47,Saskatchewan,0,0,0,0,0,0,0,0,1,0,0
4620855.03,0855.03,462,Montréal,B,24462,24,Quebec / Québec,0,2,1,0,4,2,1,0,1,0,0
5210008.00,0008.00,521,Kingston,B,35521,35,Ontario,1,5,0,1,5,1,1,1,0,0,1
8350001.05,0001.05,835,Edmonton,B,48835,48,Alberta,2,1,0,0,1,0,0,1,4,0,1
4080165.00,0165.00,408,Saguenay,B,24408,24,Quebec / Québec,0,0,0,0,3,0,0,0,1,0,0
4210012.00,0012.00,421,Québec,B,24421,24,Quebec / Québec,1,0,2,0,7,3,0,0,0,0,0
0010002.00,0002.00,001,St. John's,B,10001,10,Newfoundland and Labrador / Terre-Neuve-et-Labrador,0,0,2,0,6,1,2,1,3,0,0
5050160.02,0160.02,505,Ottawa - Gatineau (Ontario part / partie de l'Ontario),B,35505,35,Ontario,0,2,1,0,3,0,0,0,0,0,0
5550001.08,0001.08,555,London,B,35555,35,Ontario,0,0,0,0,0,0,0,0,0,0,0
0010200.01,0200.01,001,St. John's,B,10001,10,Newfoundland and Labrador / Terre-Neuve-et-Labrador,0,1,0,0,0,0,2,0,1,0,0
5350586.01,0586.01,535,Toronto,B,35535,35,Ontario,0,0,0,0,0,0,0,0,0,0,0
5350528.02,0528.02,535,Toronto,B,35535,35,Ontario,0,0,1,0,0,0,1,0,0,0,0
4620825.01,0825.01,462,Montréal,B,24462,24,Quebec / Québec,2,2,0,0,2,0,0,1,0,0,0
9330185.07,0185.07,933,Vancouver,B,59933,59,British Columbia / Colombie-Britannique,0,0,0,0,2,0,0,0,0,0,0
4620491.00,0491.00,462,Montréal,B,24462,24,Quebec / Québec,1,0,0,0,0,0,0,0,0,0,0
4620687.07,0687.07,462,Montréal,B,24462,24,Quebec / Québec,0,0,1,0,0,2,0,2,0,0,0
5350006.00,0006.00,535,Toronto,B,35535,35,Ontario,0,0,0,0,0,0,0,0,0,0,0
5370059.00,0059.00,537,Hamilton,B,35537,35,Ontario,0,0,0,0,1,2,0,1,0,0,0
4620383.02,0383.02,462,Montréal,B,24462,24,Quebec / Québec,0,1,1,1,1,0,1,0,0,0,0
9150004.00,0004.00,915,Kelowna,B,59915,59,British Columbia / Colombie-Britannique,0,0,0,0,2,1,0,1,3,0,0
5210012.00,0012.00,521,Kingston,B,35521,35,Ontario,0,0,0,0,3,1,0,0,0,0,0
5680101.00,0101.00,568,Barrie,B,35568,35,Ontario,1,0,1,0,2,1,0,0,1,0,0
5350377.06,0377.06,535,Toronto,B,35535,35,Ontario,0,0,0,0,0,0,0,0,0,0,0
5350231.00,0231.00,535,Toronto,B,35535,35,Ontario,0,3,0,0,1,0,1,0,0,0,0
2050015.00,0015.00,205,Halifax,B,12205,12,Nova Scotia / Nouvelle-Écosse,0,2,0,0,2,0,1,0,0,0,1
6020500.06,0500.06,602,Winnipeg,B,46602,46,Manitoba,0,2,1,0,4,0,0,1,0,0,0
5050180.01,0180.01,505,Ottawa - Gatineau (Ontario part / partie de l'Ontario),B,35505,35,Ontario,0,2,1,0,4,0,0,0,0,0,0
5550120.01,0120.01,555,London,B,35555,35,Ontario,1,0,1,0,1,0,0,0,0,0,0
9330048.00,0048.00,933,Vancouver,B,59933,59,British Columbia / Colombie-Britannique,1,19,1,1,20,1,2,2,5,0,0
4210034.00,0034.00,421,Québec,B,24421,24,Quebec / Québec,1,1,0,0,2,0,0,0,0,0,0
4620271.00,0271.00,462,Montréal,B,24462,24,Quebec / Québec,0,0,0,0,2,2,0,0,0,0,0
9700020.00,0020.00,970,Prince George,K,59970,59,British Columbia / Colombie-Britannique,0,0,0,0,0,1,1,0,3,0,0
5680007.00,0007.00,568,Barrie,B,35568,35,Ontario,4,2,3,1,8,2,3,2,5,0,0
4620264.02,0264.02,462,Montréal,B,24462,24,Quebec / Québec,1,0,0,0,2,0,0,0,0,0,0
5350587.01,0587.01,535,Toronto,B,35535,35,Ontario,0,0,0,0,0,0,0,0,0,0,0
5350378.17,0378.17,535,Toronto,B,35535,35,Ontario,0,0,0,0,0,0,0,0,0,0,0
4620600.02,0600.02,462,Montréal,B,24462,24,Quebec / Québec,0,0,1,0,0,1,0,0,0,0,0
4620381.00,0381.00,462,Montréal,B,24462,24,Quebec / Québec,0,1,1,0,1,0,0,0,0,0,0
9330065.00,0065.00,933,Vancouver,B,59933,59,British Columbia / Colombie-Britannique,0,3,0,0,1,0,1,0,9,0,0
4620403.00,0403.00,462,Montréal,B,24462,24,Quebec / Québec,0,3,2,0,1,0,0,0,0,0,0
4620660.02,0660.02,462,Montréal,B,24462,24,Quebec / Québec,1,0,0,0,0,0,0,0,0,0,0
4620056.00,0056.00,462,Montréal,B,24462,24,Quebec / Québec,0,1,0,0,12,5,0,0,4,0,0
9330049.01,0049.01,933,Vancouver,B,59933,59,British Columbia / Colombie-Britannique,0,25,2,1,24,1,3,3,2,1,0
9350156.04,0156.04,935,Victoria,B,59935,59,British Columbia / Colombie-Britannique,0,2,0,0,3,0,0,0,5,0,0
8350002.04,0002.04,835,Edmonton,B,48835,48,Alberta,0,0,0,0,0,0,0,0,0,0,0
8250044.00,0044.00,825,Calgary,B,48825,48,Alberta,2,42,3,1,15,18,6,7,5,0,0
5220407.00,0407.00,522,Belleville,K,35522,35,Ontario,0,0,0,0,0,0,0,0,0,0,0
5370213.00,0213.00,537,Hamilton,B,35537,35,Ontario,0,7,1,1,6,3,2,1,4,0,0
4620732.02,0732.02,462,Montréal,B,24462,24,Quebec / Québec,0,0,4,1,3,1,1,0,0,0,0
6020142.03,0142.03,602,Winnipeg,B,46602,46,Manitoba,0,0,1,0,1,0,0,0,0,0,0
5680100.00,0100.00,568,Barrie,B,35568,35,Ontario,0,2,0,0,1,0,0,0,0,0,0
8300009.00,0009.00,830,Red Deer,K,48830,48,Alberta,2,0,0,0,1,0,0,0,0,0,0
4330018.00,0018.00,433,Sherbrooke,B,24433,24,Quebec / Québec,2,0,4,1,4,0,0,0,1,0,0
9330188.05,0188.05,933,Vancouver,B,59933,59,British Columbia / Colombie-Britannique,0,1,0,0,0,0,0,0,0,0,0
9320106.06,0106.06,932,Abbotsford - Mission,B,59932,59,British Columbia / Colombie-Britannique,0,0,0,0,1,0,0,0,0,0,0
4470006.00,0006.00,447,Drummondville,K,24447,24,Quebec / Québec,0,0,1,0,2,1,0,0,0,0,0
8050003.02,0003.02,805,Medicine Hat,K,48805,48,Alberta,0,0,0,0,0,1,1,0,0,0,0
9330186.06,0186.06,933,Vancouver,B,59933,59,British Columbia / Colombie-Britannique,0,0,0,0,1,0,0,1,0,0,1
9330049.02,0049.02,933,Vancouver,B,59933,59,British Columbia / Colombie-Britannique,0,5,0,1,4,2,0,3,1,0,0
5350185.02,0185.02,535,Toronto,B,35535,35,Ontario,0,0,0,0,2,0,0,0,0,0,0
5410126.05,0126.05,541,Kitchener - Cambridge - Waterloo,B,35541,35,Ontario,0,0,0,0,6,1,2,7,2,0,0
7050002.01,0002.01,705,Regina,B,47705,47,Saskatchewan,0,1,1,0,0,0,0,0,0,0,0
4620111.00,0111.00,462,Montréal,B,24462,24,Quebec / Québec,0,5,1,0,3,0,0,0,0,0,0
5210109.00,0109.00,521,Kingston,B,35521,35,Ontario,0,0,0,0,0,0,0,0,0,0,0
5410017.00,0017.00,541,Kitchener - Cambridge - Waterloo,B,35541,35,Ontario,1,28,1,4,16,6,3,4,3,0,0
5550024.00,0024.00,555,London,B,35555,35,Ontario,0,0,0,0,5,1,2,1,0,0,0
4620205.00,0205.00,462,Montréal,B,24462,24,Quebec / Québec,0,0,1,0,1,1,0,0,0,0,0
5350353.02,0353.02,535,Toronto,B,35535,35,Ontario,0,1,0,0,1,0,0,0,0,0,1
3050100.00,0100.00,305,Moncton,B,13305,13,New Brunswick / Nouveau-Brunswick,0,0,0,0,2,0,0,0,4,0,0
4210004.00,0004.00,421,Québec,B,24421,24,Quebec / Québec,0,1,0,0,1,0,0,0,4,0,0
3100002.01,0002.01,310,Saint John,B,13310,13,New Brunswick / Nouveau-Brunswick,0,0,0,0,2,1,0,0,0,0,0
6020050.02,0050.02,602,Winnipeg,B,46602,46,Manitoba,0,1,1,0,4,1,0,1,0,0,0
5350631.04,0631.04,535,Toronto,B,35535,35,Ontario,0,0,0,0,0,0,0,0,0,0,0
5350471.00,0471.00,535,Toronto,B,35535,35,Ontario,0,0,0,0,2,0,1,0,2,0,0
7050009.01,0009.01,705,Regina,B,47705,47,Saskatchewan,0,3,0,0,5,0,0,2,2,0,1
8250038.14,0038.14,825,Calgary,B,48825,48,Alberta,0,0,0,0,1,0,1,0,0,0,0
5350237.01,0237.01,535,Toronto,B,35535,35,Ontario,0,0,0,0,0,0,0,0,0,0,0
5680011.02,0011.02,568,Barrie,B,35568,35,Ontario,0,0,0,0,2,0,0,0,2,0,1
5500004.02,0004.02,550,Guelph,B,35550,35,Ontario,0,0,0,0,0,0,0,0,0,0,0
4590103.00,0103.00,459,Saint-Jean-sur-Richelieu,K,24459,24,Quebec / Québec,0,0,0,0,0,0,0,0,0,0,0
5350037.00,0037.00,535,Toronto,B,35535,35,Ontario,10,4,1,4,24,3,1,0,1,0,1
9330286.03,0286.03,933,Vancouver,B,59933,59,British Columbia / Colombie-Britannique,0,0,0,0,0,0,0,0,1,0,0
8250077.30,0077.30,825,Calgary,B,48825,48,Alberta,0,1,0,0,0,0,0,0,0,0,0
8250204.04,0204.04,825,Calgary,B,48825,48,Alberta,2,0,2,0,1,2,2,0,0,0,0
4620121.00,0121.00,462,Montréal,B,24462,24,Quebec / Québec,0,0,0,0,0,0,0,0,0,0,0
9330029.00,0029.00,933,Vancouver,B,59933,59,British Columbia / Colombie-Britannique,8,3,1,0,3,0,1,0,3,0,0
5800009.00,0009.00,580,Greater Sudbury / Grand Sudbury,B,35580,35,Ontario,1,2,1,0,4,0,0,2,1,0,1
7050011.00,0011.00,705,Regina,B,47705,47,Saskatchewan,0,24,0,0,17,0,0,4,3,0,0
9330181.03,0181.03,933,Vancouver,B,59933,59,British Columbia / Colombie-Britannique,0,3,0,0,2,0,0,0,1,0,0
5050028.00,0028.00,505,Ottawa - Gatineau (Ontario part / partie de l'Ontario),B,35505,35,Ontario,0,1,1,0,7,0,0,0,0,0,0
9330232.00,0232.00,933,Vancouver,B,59933,59,British Columbia / Colombie-Britannique,0,0,0,1,2,0,0,0,0,0,0
5370034.00,0034.00,537,Hamilton,B,35537,35,Ontario,2,8,3,3,4,4,0,1,0,0,0
4620857.12,0857.12,462,Montréal,B,24462,24,Quebec / Québec,0,1,0,0,2,0,0,0,0,0,0
5320101.02,0101.02,532,Oshawa,B,35532,35,Ontario,0,1,1,0,1,0,1,1,0,1,0
6020100.07,0100.07,602,Winnipeg,B,46602,46,Manitoba,0,1,0,0,0,0,1,0,0,0,0
5350084.00,0084.00,535,Toronto,B,35535,35,Ontario,0,6,1,0,3,2,0,0,0,0,0
5370223.16,0223.16,537,Hamilton,B,35537,35,Ontario,0,0,0,0,0,0,0,0,0,0,0
4620830.01,0830.01,462,Montréal,B,24462,24,Quebec / Québec,0,0,1,0,4,3,0,0,0,0,0
4620863.02,0863.02,462,Montréal,B,24462,24,Quebec / Québec,2,11,6,0,7,0,2,0,0,0,0
5350603.00,0603.00,535,Toronto,B,35535,35,Ontario,0,3,0,0,4,0,1,0,1,0,0
5350370.03,0370.03,535,Toronto,B,35535,35,Ontario,0,1,0,0,1,0,1,1,0,0,0
5350401.13,0401.13,535,Toronto,B,35535,35,Ontario,0,0,0,0,0,0,0,0,0,0,0
5350402.02,0402.02,535,Toronto,B,35535,35,Ontario,1,2,0,0,3,0,1,2,0,0,0
7250013.01,0013.01,725,Saskatoon,B,47725,47,Saskatchewan,0,0,0,0,6,1,0,0,0,0,0
5350576.04,0576.04,535,Toronto,B,35535,35,Ontario,0,0,0,0,1,0,0,0,0,0,0
4620206.00,0206.00,462,Montréal,B,24462,24,Quebec / Québec,0,0,0,0,0,0,0,0,0,0,1
4620097.02,0097.02,462,Montréal,B,24462,24,Quebec / Québec,0,0,2,1,2,0,0,0,0,0,0
2050025.03,0025.03,205,Halifax,B,12205,12,Nova Scotia / Nouvelle-Écosse,1,1,0,0,0,1,2,0,0,0,0
3050101.00,0101.00,305,Moncton,B,13305,13,New Brunswick / Nouveau-Brunswick,0,2,0,0,4,3,0,0,2,0,0
5350236.02,0236.02,535,Toronto,B,35535,35,Ontario,0,2,1,0,3,1,0,1,3,0,0
5370101.01,0101.01,537,Hamilton,B,35537,35,Ontario,0,0,0,0,2,0,0,0,2,0,0
4210200.00,0200.00,421,Québec,B,24421,24,Quebec / Québec,0,0,1,0,3,0,0,0,9,0,0
9330504.03,0504.03,933,Vancouver,B,59933,59,British Columbia / Colombie-Britannique,0,0,0,0,1,0,0,0,0,0,0
4620652.07,0652.07,462,Montréal,B,24462,24,Quebec / Québec,0,2,0,0,0,0,0,0,0,0,0
4620804.01,0804.01,462,Montréal,B,24462,24,Quebec / Québec,0,0,1,0,4,1,0,0,0,0,0
9330500.00,0500.00,933,Vancouver,B,59933,59,British Columbia / Colombie-Britannique,0,0,0,0,3,0,0,0,2,0,0
5350516.26,0516.26,535,Toronto,B,35535,35,Ontario,0,2,1,0,1,1,0,0,1,0,0
8350104.02,0104.02,835,Edmonton,B,48835,48,Alberta,0,0,0,0,0,1,1,0,1,0,0
5370001.09,0001.09,537,Hamilton,B,35537,35,Ontario,0,0,0,0,0,0,0,0,0,0,0
8300004.00,0004.00,830,Red Deer,K,48830,48,Alberta,5,1,1,0,0,3,3,4,3,0,1
5210112.06,0112.06,521,Kingston,B,35521,35,Ontario,0,0,0,0,1,0,0,0,0,0,0
5220405.00,0405.00,522,Belleville,K,35522,35,Ontario,0,0,0,0,0,0,0,0,1,0,0
4620652.08,0652.08,462,Montréal,B,24462,24,Quebec / Québec,0,0,0,0,0,0,0,0,0,0,0
7250010.00,0010.00,725,Saskatoon,B,47725,47,Saskatchewan,1,6,0,0,4,3,1,1,3,0,1
6020027.00,0027.00,602,Winnipeg,B,46602,46,Manitoba,4,0,0,1,4,0,0,0,1,0,0
5350528.21,0528.21,535,Toronto,B,35535,35,Ontario,0,3,1,0,1,0,1,0,0,0,0
4620043.00,0043.00,462,Montréal,B,24462,24,Quebec / Québec,0,1,0,1,2,2,2,0,2,0,0
5370071.00,0071.00,537,Hamilton,B,35537,35,Ontario,0,1,0,0,10,1,1,1,0,0,1
9330130.01,0130.01,933,Vancouver,B,59933,59,British Columbia / Colombie-Britannique,0,8,1,0,1,0,1,0,0,0,0
5350376.05,0376.05,535,Toronto,B,35535,35,Ontario,0,0,0,0,0,0,0,0,0,0,0
4210170.05,0170.05,421,Québec,B,24421,24,Quebec / Québec,0,1,1,0,3,1,1,0,0,0,0
5350410.07,0410.07,535,Toronto,B,35535,35,Ontario,0,1,0,0,0,0,1,0,0,1,0
5370030.00,0030.00,537,Hamilton,B,35537,35,Ontario,0,1,1,0,0,1,0,0,0,0,0
5050610.01,0610.01,505,Ottawa - Gatineau (partie du Québec / Quebec part),B,24505,24,Quebec / Québec,1,2,2,2,9,3,0,0,1,1,0
5050510.01,0510.01,505,Ottawa - Gatineau (partie du Québec / Quebec part),B,24505,24,Quebec / Québec,0,0,0,0,1,0,0,0,0,0,0
4620002.00,0002.00,462,Montréal,B,24462,24,Quebec / Québec,0,0,0,0,1,1,0,0,0,0,0
9300011.00,0011.00,930,Chilliwack,K,59930,59,British Columbia / Colombie-Britannique,0,0,0,0,4,0,0,0,1,1,0
5350378.07,0378.07,535,Toronto,B,35535,35,Ontario,0,3,1,0,4,0,1,1,0,0,0
4620306.00,0306.00,462,Montréal,B,24462,24,Quebec / Québec,1,0,0,0,1,0,0,0,0,0,0
5410008.05,0008.05,541,Kitchener - Cambridge - Waterloo,B,35541,35,Ontario,0,0,0,0,0,0,0,0,0,0,0
4620361.00,0361.00,462,Montréal,B,24462,24,Quebec / Québec,0,0,0,0,0,0,0,0,0,0,0
4620350.00,0350.00,462,Montréal,B,24462,24,Quebec / Québec,1,5,1,0,4,0,0,0,0,0,0
4620480.00,0480.00,462,Montréal,B,24462,24,Quebec / Québec,0,0,1,0,4,0,1,0,1,0,0
7250018.02,0018.02,725,Saskatoon,B,47725,47,Saskatchewan,0,0,0,0,0,0,0,0,0,0,0
5350331.03,0331.03,535,Toronto,B,35535,35,Ontario,1,0,0,0,0,0,0,1,0,0,1
5350524.02,0524.02,535,Toronto,B,35535,35,Ontario,0,0,0,0,0,0,0,0,0,0,0
4620311.00,0311.00,462,Montréal,B,24462,24,Quebec / Québec,1,1,0,1,1,0,0,0,0,0,0
4210290.03,0290.03,421,Québec,B,24421,24,Quebec / Québec,0,0,0,0,0,0,0,0,0,0,0
5210006.00,0006.00,521,Kingston,B,35521,35,Ontario,0,0,1,0,1,0,0,0,0,0,0
5950010.02,0010.02,595,Thunder Bay,B,35595,35,Ontario,0,0,0,0,4,0,0,0,0,0,0
6020535.00,0535.00,602,Winnipeg,B,46602,46,Manitoba,0,0,0,0,1,0,0,0,0,0,0
4620831.03,0831.03,462,Montréal,B,24462,24,Quebec / Québec,0,1,2,0,1,1,0,1,0,0,0
4420200.00,0200.00,442,Trois-Rivières,B,24442,24,Quebec / Québec,2,0,4,1,3,0,0,0,3,0,0
8250017.04,0017.04,825,Calgary,B,48825,48,Alberta,1,1,1,0,3,1,1,0,0,0,0
5350422.03,0422.03,535,Toronto,B,35535,35,Ontario,0,0,1,0,0,0,0,0,0,0,0
8350090.04,0090.04,835,Edmonton,B,48835,48,Alberta,0,0,1,0,1,0,0,1,0,0,0
5350412.06,0412.06,535,Toronto,B,35535,35,Ontario,0,0,0,0,0,0,0,0,0,0,0
8250076.22,0076.22,825,Calgary,B,48825,48,Alberta,1,0,2,0,0,0,1,0,0,0,0
4620904.03,0904.03,462,Montréal,B,24462,24,Quebec / Québec,0,1,0,0,0,1,1,0,0,0,0
5320003.01,0003.01,532,Oshawa,B,35532,35,Ontario,1,1,0,0,1,0,0,1,3,0,0
4620889.01,0889.01,462,Montréal,B,24462,24,Quebec / Québec,0,2,5,0,6,2,1,0,0,0,0
8250076.21,0076.21,825,Calgary,B,48825,48,Alberta,0,0,0,0,0,0,0,0,0,0,0
3200020.00,0020.00,320,Fredericton,K,13320,13,New Brunswick / Nouveau-Brunswick,0,0,0,0,0,0,0,0,1,0,0
9330260.07,0260.07,933,Vancouver,B,59933,59,British Columbia / Colombie-Britannique,1,2,0,0,2,2,1,1,0,1,0
4620162.00,0162.00,462,Montréal,B,24462,24,Quebec / Québec,0,1,1,1,2,0,0,1,1,0,0
4500016.00,0016.00,450,Granby,K,24450,24,Quebec / Québec,0,0,0,0,1,1,0,0,4,0,0
4620760.00,0760.00,462,Montréal,B,24462,24,Quebec / Québec,0,0,1,0,2,0,0,0,0,0,0
5050630.02,0630.02,505,Ottawa - Gatineau (partie du Québec / Quebec part),B,24505,24,Quebec / Québec,0,0,0,0,1,5,0,0,1,0,0
5350184.02,0184.02,535,Toronto,B,35535,35,Ontario,1,0,0,0,1,0,0,0,0,0,0
9330002.04,0002.04,933,Vancouver,B,59933,59,British Columbia / Colombie-Britannique,0,0,0,0,1,0,0,0,0,0,0
5350273.02,0273.02,535,Toronto,B,35535,35,Ontario,0,3,0,0,0,0,0,0,0,0,0
5550001.02,0001.02,555,London,B,35555,35,Ontario,0,1,0,0,8,0,1,1,13,0,0
2050109.00,0109.00,205,Halifax,B,12205,12,Nova Scotia / Nouvelle-Écosse,0,1,0,0,0,0,0,0,1,0,0
5950011.02,0011.02,595,Thunder Bay,B,35595,35,Ontario,0,0,3,0,4,0,1,1,0,0,0
6020539.01,0539.01,602,Winnipeg,B,46602,46,Manitoba,0,0,0,0,1,0,0,0,0,0,0
5350278.00,0278.00,535,Toronto,B,35535,35,Ontario,0,4,1,0,3,0,1,0,0,0,0
5320100.02,0100.02,532,Oshawa,B,35532,35,Ontario,0,0,0,0,0,0,0,0,1,0,0
4620069.00,0069.00,462,Montréal,B,24462,24,Quebec / Québec,0,6,2,1,4,1,0,1,3,0,0
8350060.02,0060.02,835,Edmonton,B,48835,48,Alberta,0,1,1,0,2,0,0,1,0,0,0
4620122.00,0122.00,462,Montréal,B,24462,24,Quebec / Québec,2,1,0,1,11,0,0,0,0,0,0
9330190.03,0190.03,933,Vancouver,B,59933,59,British Columbia / Colombie-Britannique,1,6,2,1,3,3,1,4,2,0,0
9330031.01,0031.01,933,Vancouver,B,59933,59,British Columbia / Colombie-Britannique,0,1,0,0,2,0,0,0,0,0,0
5350367.01,0367.01,535,Toronto,B,35535,35,Ontario,0,0,0,0,1,0,0,0,0,0,0
5220002.00,0002.00,522,Belleville,K,35522,35,Ontario,0,0,1,0,1,0,1,1,0,0,1
5220014.00,0014.00,522,Belleville,K,35522,35,Ontario,0,0,0,0,0,0,0,0,0,0,0
7250110.00,0110.00,725,Saskatoon,B,47725,47,Saskatchewan,0,0,0,0,0,0,0,0,1,0,0
5320105.07,0105.07,532,Oshawa,B,35532,35,Ontario,0,0,0,0,0,0,0,0,0,0,0
8350030.00,0030.00,835,Edmonton,B,48835,48,Alberta,2,7,1,0,1,5,6,2,2,0,0
2050132.06,0132.06,205,Halifax,B,12205,12,Nova Scotia / Nouvelle-Écosse,0,1,0,0,2,0,0,0,1,0,0
7050013.00,0013.00,705,Regina,B,47705,47,Saskatchewan,0,16,2,3,19,1,2,3,7,0,0
5050170.05,0170.05,505,Ottawa - Gatineau (Ontario part / partie de l'Ontario),B,35505,35,Ontario,0,1,0,0,1,0,0,0,0,0,0
5680201.00,0201.00,568,Barrie,B,35568,35,Ontario,0,0,0,0,2,0,0,0,0,0,0
4620639.00,0639.00,462,Montréal,B,24462,24,Quebec / Québec,0,2,3,2,4,0,0,0,0,0,0
4470008.00,0008.00,447,Drummondville,K,24447,24,Quebec / Québec,0,5,1,0,7,4,1,1,1,0,0
5350575.08,0575.08,535,Toronto,B,35535,35,Ontario,0,0,0,0,0,0,0,0,0,0,0
5050031.00,0031.00,505,Ottawa - Gatineau (Ontario part / partie de l'Ontario),B,35505,35,Ontario,0,2,0,0,2,0,1,0,0,0,0
5390007.02,0007.02,539,St. Catharines - Niagara,B,35539,35,Ontario,0,0,0,0,0,1,0,0,1,0,0
5550025.00,0025.00,555,London,B,35555,35,Ontario,0,0,1,0,0,1,1,1,0,0,0
5350614.02,0614.02,535,Toronto,B,35535,35,Ontario,0,1,0,0,0,0,0,0,0,0,0
9320205.00,0205.00,932,Abbotsford - Mission,B,59932,59,British Columbia / Colombie-Britannique,0,0,0,0,1,0,0,0,0,0,0
5590172.00,0172.00,559,Windsor,B,35559,35,Ontario,0,0,1,0,0,0,0,0,0,0,0
5350099.00,0099.00,535,Toronto,B,35535,35,Ontario,0,3,0,0,7,0,0,0,1,0,0
4620677.10,0677.10,462,Montréal,B,24462,24,Quebec / Québec,0,0,1,0,1,0,0,1,3,0,0
5350248.04,0248.04,535,Toronto,B,35535,35,Ontario,0,0,0,0,0,0,0,0,0,0,0
4210140.02,0140.02,421,Québec,B,24421,24,Quebec / Québec,0,0,1,0,4,1,1,0,5,0,0
4590301.00,0301.00,459,Saint-Jean-sur-Richelieu,K,24459,24,Quebec / Québec,0,1,7,0,5,0,0,0,0,0,0
9350012.00,0012.00,935,Victoria,B,59935,59,British Columbia / Colombie-Britannique,1,2,3,2,10,1,1,3,24,0,1
3050110.00,0110.00,305,Moncton,B,13305,13,New Brunswick / Nouveau-Brunswick,0,0,0,0,1,0,0,0,0,0,0
9330147.07,0147.07,933,Vancouver,B,59933,59,British Columbia / Colombie-Britannique,0,9,1,1,4,2,2,1,1,0,1
5350633.00,0633.00,535,Toronto,B,35535,35,Ontario,0,2,2,0,3,0,0,0,2,0,0
8350041.00,0041.00,835,Edmonton,B,48835,48,Alberta,1,0,1,0,0,0,0,0,0,0,0
4620326.02,0326.02,462,Montréal,B,24462,24,Quebec / Québec,0,0,1,0,7,0,0,0,0,0,0
5350520.01,0520.01,535,Toronto,B,35535,35,Ontario,0,1,1,0,3,1,0,0,0,0,0
9250001.00,0001.00,925,Kamloops,K,59925,59,British Columbia / Colombie-Britannique,0,0,0,0,2,0,0,0,0,0,0
4620195.02,0195.02,462,Montréal,B,24462,24,Quebec / Québec,0,0,0,0,0,0,0,0,0,0,0
7050009.02,0009.02,705,Regina,B,47705,47,Saskatchewan,0,2,1,0,0,0,0,1,0,0,0
3100025.02,0025.02,310,Saint John,B,13310,13,New Brunswick / Nouveau-Brunswick,1,1,1,2,1,1,0,0,8,0,0
7050022.02,0022.02,705,Regina,B,47705,47,Saskatchewan,0,0,0,0,0,0,0,0,0,0,0
4620876.05,0876.05,462,Montréal,B,24462,24,Quebec / Québec,0,3,2,0,0,0,1,0,0,0,0
9350003.02,0003.02,935,Victoria,B,59935,59,British Columbia / Colombie-Britannique,0,8,2,2,4,0,2,0,24,0,0
5550006.02,0006.02,555,London,B,35555,35,Ontario,0,2,1,0,3,0,2,1,0,0,0
5350475.00,0475.00,535,Toronto,B,35535,35,Ontario,1,1,2,1,3,1,1,0,10,1,0
5350638.00,0638.00,535,Toronto,B,35535,35,Ontario,0,1,2,0,3,0,2,0,0,0,0
8350073.00,0073.00,835,Edmonton,B,48835,48,Alberta,1,0,2,0,1,3,2,1,2,0,1
5370040.00,0040.00,537,Hamilton,B,35537,35,Ontario,0,2,0,0,1,0,0,0,0,0,0
5390014.03,0014.03,539,St. Catharines - Niagara,B,35539,35,Ontario,0,0,0,0,0,0,0,0,0,0,0
9330020.00,0020.00,933,Vancouver,B,59933,59,British Columbia / Colombie-Britannique,3,1,1,0,0,0,1,0,1,0,0
9150015.00,0015.00,915,Kelowna,B,59915,59,British Columbia / Colombie-Britannique,0,3,1,0,0,1,0,0,1,0,0
5350485.02,0485.02,535,Toronto,B,35535,35,Ontario,0,4,1,1,9,0,0,1,3,0,0
4620684.10,0684.10,462,Montréal,B,24462,24,Quebec / Québec,0,2,0,0,0,2,0,0,0,0,0
8250204.05,0204.05,825,Calgary,B,48825,48,Alberta,0,0,0,0,2,0,2,0,0,0,0
5320014.02,0014.02,532,Oshawa,B,35532,35,Ontario,0,1,1,0,4,1,0,3,0,0,1
5350585.02,0585.02,535,Toronto,B,35535,35,Ontario,0,1,0,0,0,0,0,0,0,0,0
5350585.03,0585.03,535,Toronto,B,35535,35,Ontario,0,10,0,2,6,0,1,0,0,0,0
9700009.00,0009.00,970,Prince George,K,59970,59,British Columbia / Colombie-Britannique,0,0,0,1,4,1,1,0,0,0,0
7250018.05,0018.05,725,Saskatoon,B,47725,47,Saskatchewan,0,2,0,0,2,0,0,0,0,0,0
5370022.00,0022.00,537,Hamilton,B,35537,35,Ontario,0,0,1,0,0,0,0,0,0,0,0
5370203.00,0203.00,537,Hamilton,B,35537,35,Ontario,0,0,0,0,2,0,0,0,1,0,0
8050010.00,0010.00,805,Medicine Hat,K,48805,48,Alberta,6,0,0,0,0,1,1,0,6,0,1
8250077.23,0077.23,825,Calgary,B,48825,48,Alberta,0,1,0,0,1,0,0,0,0,0,0
5430012.00,0012.00,543,Brantford,B,35543,35,Ontario,0,1,1,0,4,1,1,1,1,0,0
8350090.12,0090.12,835,Edmonton,B,48835,48,Alberta,0,0,0,0,1,0,0,0,0,0,0
0010100.01,0100.01,001,St. John's,B,10001,10,Newfoundland and Labrador / Terre-Neuve-et-Labrador,0,0,0,0,3,0,0,0,0,0,0
9330033.01,0033.01,933,Vancouver,B,59933,59,British Columbia / Colombie-Britannique,0,0,0,0,2,0,0,0,0,0,1
5950100.03,0100.03,595,Thunder Bay,B,35595,35,Ontario,1,0,0,0,3,2,1,0,3,0,0
4210019.00,0019.00,421,Québec,B,24421,24,Quebec / Québec,0,0,0,0,2,3,0,0,2,0,1
5350612.07,0612.07,535,Toronto,B,35535,35,Ontario,0,3,1,0,0,0,1,0,0,0,0
5350527.08,0527.08,535,Toronto,B,35535,35,Ontario,0,0,0,0,1,0,0,0,0,0,0
5050161.04,0161.04,505,Ottawa - Gatineau (Ontario part / partie de l'Ontario),B,35505,35,Ontario,0,0,1,0,0,0,0,0,0,0,0
5350562.12,0562.12,535,Toronto,B,35535,35,Ontario,0,0,0,0,0,2,0,0,0,0,0
5350516.22,0516.22,535,Toronto,B,35535,35,Ontario,0,0,0,0,0,0,0,0,0,0,0
4620662.00,0662.00,462,Montréal,B,24462,24,Quebec / Québec,0,1,3,0,0,1,0,0,1,0,0
8350037.00,0037.00,835,Edmonton,B,48835,48,Alberta,0,0,1,0,1,1,2,0,0,0,0
5350420.09,0420.09,535,Toronto,B,35535,35,Ontario,0,1,0,0,1,1,0,0,0,0,0
7050025.02,0025.02,705,Regina,B,47705,47,Saskatchewan,0,0,0,0,3,0,0,0,0,0,0
5050140.06,0140.06,505,Ottawa - Gatineau (Ontario part / partie de l'Ontario),B,35505,35,Ontario,0,0,0,0,0,0,1,0,0,0,0
5350516.43,0516.43,535,Toronto,B,35535,35,Ontario,0,0,0,0,0,0,0,0,0,0,0
5370035.00,0035.00,537,Hamilton,B,35537,35,Ontario,0,2,5,0,3,0,0,1,0,0,0
4620093.00,0093.00,462,Montréal,B,24462,24,Quebec / Québec,0,0,1,0,2,3,0,0,0,0,0
4210010.00,0010.00,421,Québec,B,24421,24,Quebec / Québec,0,0,0,0,3,1,0,0,0,1,0
4620097.01,0097.01,462,Montréal,B,24462,24,Quebec / Québec,0,0,2,1,3,1,1,0,1,0,0
5950101.00,0101.00,595,Thunder Bay,B,35595,35,Ontario,0,1,0,0,0,0,0,0,1,0,0
5900006.00,0006.00,590,Sault Ste. Marie,K,35590,35,Ontario,0,29,1,9,33,9,2,4,13,0,1
5430201.00,0201.00,543,Brantford,B,35543,35,Ontario,0,0,0,0,5,0,0,0,2,0,0
5410107.02,0107.02,541,Kitchener - Cambridge - Waterloo,B,35541,35,Ontario,0,5,1,0,2,1,1,1,0,0,0
5350424.05,0424.05,535,Toronto,B,35535,35,Ontario,0,2,3,0,3,0,0,0,0,0,0
4210800.01,0800.01,421,Québec,B,24421,24,Quebec / Québec,0,0,0,0,0,1,1,0,1,0,0
4210018.00,0018.00,421,Québec,B,24421,24,Quebec / Québec,0,1,0,0,1,3,1,0,4,0,0
5750005.00,0005.00,575,North Bay,K,35575,35,Ontario,2,18,3,2,15,1,1,3,4,0,0
5590020.00,0020.00,559,Windsor,B,35559,35,Ontario,1,2,0,0,4,1,0,1,1,0,0
9330115.00,0115.00,933,Vancouver,B,59933,59,British Columbia / Colombie-Britannique,1,1,1,0,2,0,1,0,0,0,1
7050027.00,0027.00,705,Regina,B,47705,47,Saskatchewan,0,2,0,1,9,1,0,0,1,0,0
4620068.00,0068.00,462,Montréal,B,24462,24,Quebec / Québec,0,0,0,1,7,0,0,0,1,0,0
5370202.00,0202.00,537,Hamilton,B,35537,35,Ontario,1,0,2,0,1,0,0,0,1,0,0
5590100.02,0100.02,559,Windsor,B,35559,35,Ontario,0,1,0,1,2,1,1,0,0,0,0
3100110.02,0110.02,310,Saint John,B,13310,13,New Brunswick / Nouveau-Brunswick,0,3,0,0,2,0,4,1,0,0,1
4620153.00,0153.00,462,Montréal,B,24462,24,Quebec / Québec,0,0,0,0,2,1,1,0,0,0,0
5350311.03,0311.03,535,Toronto,B,35535,35,Ontario,0,0,0,0,0,0,1,0,0,0,0
5350516.47,0516.47,535,Toronto,B,35535,35,Ontario,0,0,0,0,0,0,0,0,0,0,0
6020041.00,0041.00,602,Winnipeg,B,46602,46,Manitoba,0,0,0,1,3,0,0,0,0,0,1
5350378.24,0378.24,535,Toronto,B,35535,35,Ontario,0,2,0,0,3,0,0,0,0,0,0
5350361.02,0361.02,535,Toronto,B,35535,35,Ontario,0,1,0,0,0,0,0,0,0,0,0
4590304.00,0304.00,459,Saint-Jean-sur-Richelieu,K,24459,24,Quebec / Québec,0,0,0,0,0,0,0,0,0,0,0
4620276.00,0276.00,462,Montréal,B,24462,24,Quebec / Québec,0,1,2,0,2,0,0,1,0,0,0
6020141.01,0141.01,602,Winnipeg,B,46602,46,Manitoba,0,0,0,0,0,0,0,0,0,0,0
5430009.00,0009.00,543,Brantford,B,35543,35,Ontario,1,2,0,0,2,0,0,0,6,0,0
9250022.00,0022.00,925,Kamloops,K,59925,59,British Columbia / Colombie-Britannique,0,0,0,0,0,0,0,0,1,0,0
5350324.03,0324.03,535,Toronto,B,35535,35,Ontario,0,6,0,0,2,2,1,1,1,0,0
5410108.02,0108.02,541,Kitchener - Cambridge - Waterloo,B,35541,35,Ontario,0,0,0,0,1,0,0,0,0,0,0
8350165.01,0165.01,835,Edmonton,B,48835,48,Alberta,0,0,0,0,0,0,0,0,0,0,0
4620876.07,0876.07,462,Montréal,B,24462,24,Quebec / Québec,0,0,1,0,0,0,0,0,0,0,0
5350412.02,0412.02,535,Toronto,B,35535,35,Ontario,0,3,2,0,7,0,0,0,1,0,0
5050200.02,0200.02,505,Ottawa - Gatineau (Ontario part / partie de l'Ontario),B,35505,35,Ontario,0,0,0,0,2,0,1,0,0,0,0
9380019.00,0019.00,938,Nanaimo,K,59938,59,British Columbia / Colombie-Britannique,0,4,0,0,2,2,0,0,3,0,0
5950006.00,0006.00,595,Thunder Bay,B,35595,35,Ontario,1,10,2,2,18,3,1,0,3,0,0
8350034.00,0034.00,835,Edmonton,B,48835,48,Alberta,5,21,3,1,31,2,2,3,8,1,1
5350400.11,0400.11,535,Toronto,B,35535,35,Ontario,0,0,0,0,1,0,0,0,0,0,0
4620053.00,0053.00,462,Montréal,B,24462,24,Quebec / Québec,0,2,1,2,4,3,1,0,7,0,0
8350152.00,0152.00,835,Edmonton,B,48835,48,Alberta,2,0,1,1,0,0,0,0,2,0,0
4620005.00,0005.00,462,Montréal,B,24462,24,Quebec / Québec,0,0,1,0,2,1,0,0,0,0,0
4420303.00,0303.00,442,Trois-Rivières,B,24442,24,Quebec / Québec,0,0,1,0,0,1,0,0,0,0,0
4210330.00,0330.00,421,Québec,B,24421,24,Quebec / Québec,0,0,1,1,3,1,0,0,0,0,0
6020121.00,0121.00,602,Winnipeg,B,46602,46,Manitoba,0,1,1,0,0,0,0,0,0,0,0
5350562.07,0562.07,535,Toronto,B,35535,35,Ontario,0,1,0,0,0,0,0,0,0,0,0
4210170.04,0170.04,421,Québec,B,24421,24,Quebec / Québec,0,0,0,0,1,0,0,0,0,0,0
9330144.06,0144.06,933,Vancouver,B,59933,59,British Columbia / Colombie-Britannique,0,0,0,0,0,0,0,0,0,0,0
8250046.02,0046.02,825,Calgary,B,48825,48,Alberta,0,6,0,0,10,3,2,1,1,0,0
5350307.06,0307.06,535,Toronto,B,35535,35,Ontario,0,0,1,0,0,0,1,0,0,0,0
9350156.01,0156.01,935,Victoria,B,59935,59,British Columbia / Colombie-Britannique,0,0,0,0,1,1,0,0,5,0,0
9330170.07,0170.07,933,Vancouver,B,59933,59,British Columbia / Colombie-Britannique,1,0,2,0,2,0,0,0,1,1,0
6020003.00,0003.00,602,Winnipeg,B,46602,46,Manitoba,0,4,0,1,7,1,0,1,1,0,0
5350102.01,0102.01,535,Toronto,B,35535,35,Ontario,0,0,0,0,0,0,0,0,1,0,0
6020017.00,0017.00,602,Winnipeg,B,46602,46,Manitoba,0,1,1,0,5,0,1,1,0,0,0
8350006.08,0006.08,835,Edmonton,B,48835,48,Alberta,0,0,0,0,1,1,1,0,0,0,0
5370303.01,0303.01,537,Hamilton,B,35537,35,Ontario,0,0,0,0,0,0,0,0,0,0,0
5350452.06,0452.06,535,Toronto,B,35535,35,Ontario,0,1,0,0,0,1,0,0,0,0,0
5590170.01,0170.01,559,Windsor,B,35559,35,Ontario,1,0,0,0,0,0,0,0,0,0,0
9330184.15,0184.15,933,Vancouver,B,59933,59,British Columbia / Colombie-Britannique,0,0,0,0,1,0,0,1,1,0,0
8250077.14,0077.14,825,Calgary,B,48825,48,Alberta,0,0,0,0,0,0,0,0,0,0,0
5750003.00,0003.00,575,North Bay,K,35575,35,Ontario,0,0,0,0,1,0,0,1,0,0,0
5900012.00,0012.00,590,Sault Ste. Marie,K,35590,35,Ontario,0,0,0,0,1,1,0,1,0,0,0
4620628.01,0628.01,462,Montréal,B,24462,24,Quebec / Québec,0,1,1,0,1,1,0,0,0,0,0
9330403.03,0403.03,933,Vancouver,B,59933,59,British Columbia / Colombie-Britannique,0,1,0,2,1,3,2,3,1,1,0
6020046.00,0046.00,602,Winnipeg,B,46602,46,Manitoba,0,0,0,0,6,0,0,0,0,0,0
5590004.00,0004.00,559,Windsor,B,35559,35,Ontario,0,3,0,0,2,1,1,0,4,0,0
9330502.01,0502.01,933,Vancouver,B,59933,59,British Columbia / Colombie-Britannique,0,0,0,0,3,0,0,0,0,0,0
4620704.01,0704.01,462,Montréal,B,24462,24,Quebec / Québec,0,0,1,0,0,1,1,0,0,0,0
7250006.04,0006.04,725,Saskatoon,B,47725,47,Saskatchewan,0,0,0,0,0,0,0,0,0,0,0
8350005.10,0005.10,835,Edmonton,B,48835,48,Alberta,0,0,0,0,0,0,1,0,0,0,0
5410101.01,0101.01,541,Kitchener - Cambridge - Waterloo,B,35541,35,Ontario,0,2,4,0,3,0,0,1,0,0,0
8100014.00,0014.00,810,Lethbridge,K,48810,48,Alberta,0,0,4,0,1,0,1,0,1,0,0
5320205.00,0205.00,532,Oshawa,B,35532,35,Ontario,0,0,0,0,1,0,0,0,0,0,0
4620876.06,0876.06,462,Montréal,B,24462,24,Quebec / Québec,0,0,0,0,1,0,0,1,0,0,0
5390332.00,0332.00,539,St. Catharines - Niagara,B,35539,35,Ontario,0,5,0,2,5,1,1,1,0,0,0
5350400.03,0400.03,535,Toronto,B,35535,35,Ontario,0,0,0,0,0,0,0,0,0,0,0
9330144.03,0144.03,933,Vancouver,B,59933,59,British Columbia / Colombie-Britannique,0,0,0,0,0,0,0,0,0,0,0
5050170.09,0170.09,505,Ottawa - Gatineau (Ontario part / partie de l'Ontario),B,35505,35,Ontario,0,0,0,0,1,0,1,0,0,0,0
6020560.05,0560.05,602,Winnipeg,B,46602,46,Manitoba,0,0,0,0,1,0,0,0,1,0,0
5550140.00,0140.00,555,London,B,35555,35,Ontario,0,1,0,0,1,0,0,0,0,0,0
5050613.05,0613.05,505,Ottawa - Gatineau (partie du Québec / Quebec part),B,24505,24,Quebec / Québec,1,1,0,0,0,0,0,0,0,0,0
5410121.00,0121.00,541,Kitchener - Cambridge - Waterloo,B,35541,35,Ontario,0,1,1,0,4,0,0,0,0,0,0
5320202.03,0202.03,532,Oshawa,B,35532,35,Ontario,0,0,0,0,0,0,0,0,0,0,0
6020590.02,0590.02,602,Winnipeg,B,46602,46,Manitoba,0,0,0,0,3,0,0,0,1,0,0
5350358.02,0358.02,535,Toronto,B,35535,35,Ontario,0,0,0,0,0,0,0,0,0,0,0
5550033.00,0033.00,555,London,B,35555,35,Ontario,0,13,1,1,21,0,0,1,6,0,0
3200022.00,0022.00,320,Fredericton,K,13320,13,New Brunswick / Nouveau-Brunswick,0,0,0,0,2,0,0,0,0,0,0
9330061.00,0061.00,933,Vancouver,B,59933,59,British Columbia / Colombie-Britannique,0,2,0,0,0,0,0,0,1,0,0
9330060.01,0060.01,933,Vancouver,B,59933,59,British Columbia / Colombie-Britannique,0,0,0,0,1,1,0,0,0,0,0
7250021.04,0021.04,725,Saskatoon,B,47725,47,Saskatchewan,0,1,0,1,2,0,0,0,1,0,0
9300024.00,0024.00,930,Chilliwack,K,59930,59,British Columbia / Colombie-Britannique,0,0,0,0,1,0,0,0,1,0,0
8250076.02,0076.02,825,Calgary,B,48825,48,Alberta,1,0,1,0,2,0,0,0,0,0,0
5350189.00,0189.00,535,Toronto,B,35535,35,Ontario,0,0,1,0,2,1,0,0,0,0,1
5550048.00,0048.00,555,London,B,35555,35,Ontario,0,0,0,0,0,0,0,0,0,0,0
5320105.11,0105.11,532,Oshawa,B,35532,35,Ontario,0,1,0,0,2,0,0,0,2,0,0
4620658.03,0658.03,462,Montréal,B,24462,24,Quebec / Québec,0,1,0,0,2,0,0,1,0,0,0
5350592.02,0592.02,535,Toronto,B,35535,35,Ontario,0,0,1,0,2,0,0,0,0,0,0
5350576.42,0576.42,535,Toronto,B,35535,35,Ontario,0,0,0,0,1,0,0,0,0,0,0
4210102.00,0102.00,421,Québec,B,24421,24,Quebec / Québec,1,1,0,0,2,0,0,0,1,0,0
4210820.03,0820.03,421,Québec,B,24421,24,Quebec / Québec,0,1,0,0,1,0,0,0,1,0,0
4620829.00,0829.00,462,Montréal,B,24462,24,Quebec / Québec,0,0,1,0,3,1,1,0,0,0,1
8250038.15,0038.15,825,Calgary,B,48825,48,Alberta,0,0,1,0,0,0,3,0,1,0,0
5350012.01,0012.01,535,Toronto,B,35535,35,Ontario,0,0,0,0,1,0,0,0,0,0,0
5410126.02,0126.02,541,Kitchener - Cambridge - Waterloo,B,35541,35,Ontario,0,0,0,0,2,0,0,0,0,0,1
8350006.15,0006.15,835,Edmonton,B,48835,48,Alberta,1,0,0,0,1,0,1,0,0,0,0
9250100.00,0100.00,925,Kamloops,K,59925,59,British Columbia / Colombie-Britannique,0,0,0,0,2,1,0,0,12,0,0
5800193.03,0193.03,580,Greater Sudbury / Grand Sudbury,B,35580,35,Ontario,0,0,0,0,1,0,0,0,0,0,0
8350058.00,0058.00,835,Edmonton,B,48835,48,Alberta,1,0,0,0,2,1,2,1,3,0,0
5050011.04,0011.04,505,Ottawa - Gatineau (Ontario part / partie de l'Ontario),B,35505,35,Ontario,6,0,1,0,4,0,0,0,0,0,0
4210840.01,0840.01,421,Québec,B,24421,24,Quebec / Québec,0,1,2,0,7,4,0,1,1,0,0
5050613.01,0613.01,505,Ottawa - Gatineau (partie du Québec / Quebec part),B,24505,24,Quebec / Québec,0,2,0,0,1,1,1,0,1,0,0
9350160.03,0160.03,935,Victoria,B,59935,59,British Columbia / Colombie-Britannique,0,0,0,0,1,0,0,0,1,0,0
4620640.00,0640.00,462,Montréal,B,24462,24,Quebec / Québec,0,0,2,0,3,1,0,0,0,0,0
4620149.00,0149.00,462,Montréal,B,24462,24,Quebec / Québec,1,1,1,0,2,0,0,0,2,0,0
5350562.09,0562.09,535,Toronto,B,35535,35,Ontario,0,0,0,0,0,0,0,0,0,0,0
9330041.01,0041.01,933,Vancouver,B,59933,59,British Columbia / Colombie-Britannique,1,4,0,0,2,0,0,0,0,0,0
5350089.00,0089.00,535,Toronto,B,35535,35,Ontario,0,39,1,1,9,6,0,7,5,0,0
4620857.07,0857.07,462,Montréal,B,24462,24,Quebec / Québec,0,1,1,0,2,1,0,0,0,0,0
5350103.00,0103.00,535,Toronto,B,35535,35,Ontario,0,2,1,1,2,0,0,0,0,1,0
9330283.00,0283.00,933,Vancouver,B,59933,59,British Columbia / Colombie-Britannique,0,2,3,0,2,1,0,1,6,0,0
9330225.02,0225.02,933,Vancouver,B,59933,59,British Columbia / Colombie-Britannique,0,3,2,0,8,1,1,1,2,1,1
5050601.02,0601.02,505,Ottawa - Gatineau (partie du Québec / Quebec part),B,24505,24,Quebec / Québec,0,2,0,0,1,0,0,0,0,0,0
5350441.04,0441.04,535,Toronto,B,35535,35,Ontario,0,1,0,0,1,0,0,0,0,0,0
5620002.00,0002.00,562,Sarnia,K,35562,35,Ontario,0,0,1,0,5,0,1,0,0,0,0
4210270.01,0270.01,421,Québec,B,24421,24,Quebec / Québec,0,3,0,0,3,1,1,0,1,0,0
0010004.00,0004.00,001,St. John's,B,10001,10,Newfoundland and Labrador / Terre-Neuve-et-Labrador,0,2,1,2,35,2,7,5,4,0,0
5350401.11,0401.11,535,Toronto,B,35535,35,Ontario,0,1,0,0,0,0,0,0,0,0,0
7250012.09,0012.09,725,Saskatoon,B,47725,47,Saskatchewan,0,0,0,0,1,0,0,0,0,0,0
4210041.07,0041.07,421,Québec,B,24421,24,Quebec / Québec,0,0,0,0,0,1,0,0,0,0,0
5390020.00,0020.00,539,St. Catharines - Niagara,B,35539,35,Ontario,1,0,0,0,1,0,1,0,0,0,0
8350077.01,0077.01,835,Edmonton,B,48835,48,Alberta,2,1,0,0,0,0,0,0,0,0,0
6020037.00,0037.00,602,Winnipeg,B,46602,46,Manitoba,0,1,0,0,1,0,0,1,0,0,0
5350516.06,0516.06,535,Toronto,B,35535,35,Ontario,0,0,1,0,1,0,0,0,0,0,0
5050020.01,0020.01,505,Ottawa - Gatineau (Ontario part / partie de l'Ontario),B,35505,35,Ontario,1,2,0,2,8,0,0,1,0,0,0
5050170.11,0170.11,505,Ottawa - Gatineau (Ontario part / partie de l'Ontario),B,35505,35,Ontario,0,1,0,0,2,0,0,0,0,0,0
4330111.06,0111.06,433,Sherbrooke,B,24433,24,Quebec / Québec,0,0,1,0,3,1,1,0,1,0,0
8350036.00,0036.00,835,Edmonton,B,48835,48,Alberta,1,0,0,0,1,0,1,1,0,0,0
4620652.04,0652.04,462,Montréal,B,24462,24,Quebec / Québec,0,0,1,0,1,1,0,1,0,0,0
4210810.00,0810.00,421,Québec,B,24421,24,Quebec / Québec,0,2,2,0,3,1,0,0,0,1,0
5390201.00,0201.00,539,St. Catharines - Niagara,B,35539,35,Ontario,0,1,1,0,2,1,0,0,4,0,0
4590001.00,0001.00,459,Saint-Jean-sur-Richelieu,K,24459,24,Quebec / Québec,0,0,5,0,1,0,0,0,1,0,0
5550005.01,0005.01,555,London,B,35555,35,Ontario,0,1,1,0,3,0,1,0,0,0,0
8050014.00,0014.00,805,Medicine Hat,K,48805,48,Alberta,0,0,0,0,3,1,3,0,2,0,1
5550050.03,0050.03,555,London,B,35555,35,Ontario,0,0,1,0,0,0,0,0,2,0,0
5430010.00,0010.00,543,Brantford,B,35543,35,Ontario,0,0,0,0,3,0,1,1,2,0,0
4620329.00,0329.00,462,Montréal,B,24462,24,Quebec / Québec,0,1,0,0,1,0,0,0,0,0,0
4080107.03,0107.03,408,Saguenay,B,24408,24,Quebec / Québec,0,2,0,0,4,0,1,5,0,0,0
4620831.07,0831.07,462,Montréal,B,24462,24,Quebec / Québec,1,2,1,1,3,2,0,0,1,0,0
4620593.01,0593.01,462,Montréal,B,24462,24,Quebec / Québec,1,2,2,0,8,0,3,1,0,0,0
5500013.02,0013.02,550,Guelph,B,35550,35,Ontario,0,0,0,0,1,0,0,0,0,0,0
5350430.04,0430.04,535,Toronto,B,35535,35,Ontario,0,2,2,0,2,0,0,0,1,0,0
5220008.00,0008.00,522,Belleville,K,35522,35,Ontario,0,0,0,0,2,1,0,0,0,0,0
5350316.06,0316.06,535,Toronto,B,35535,35,Ontario,0,0,0,0,1,0,0,0,0,0,0
5550035.00,0035.00,555,London,B,35555,35,Ontario,0,0,1,0,2,0,0,0,0,0,0
5350602.00,0602.00,535,Toronto,B,35535,35,Ontario,2,5,1,0,6,0,1,1,6,0,0
4210041.02,0041.02,421,Québec,B,24421,24,Quebec / Québec,0,1,0,0,1,0,0,1,0,0,0
5370012.00,0012.00,537,Hamilton,B,35537,35,Ontario,0,1,0,0,0,0,1,1,0,0,0
5750008.00,0008.00,575,North Bay,K,35575,35,Ontario,0,0,1,0,4,1,0,0,1,0,0
9350001.00,0001.00,935,Victoria,B,59935,59,British Columbia / Colombie-Britannique,0,0,1,1,1,1,0,0,1,0,0
4620710.09,0710.09,462,Montréal,B,24462,24,Quebec / Québec,0,1,1,0,0,1,1,1,0,0,0
5350612.15,0612.15,535,Toronto,B,35535,35,Ontario,0,1,0,0,0,0,0,0,0,0,0
5410109.07,0109.07,541,Kitchener - Cambridge - Waterloo,B,35541,35,Ontario,0,0,0,0,1,0,0,0,0,0,0
3200010.00,0010.00,320,Fredericton,K,13320,13,New Brunswick / Nouveau-Brunswick,0,7,0,0,3,2,0,1,1,0,0
4620857.01,0857.01,462,Montréal,B,24462,24,Quebec / Québec,0,3,0,1,2,1,1,1,0,0,0
4620362.00,0362.00,462,Montréal,B,24462,24,Quebec / Québec,0,1,1,1,1,0,0,0,0,0,0
4620886.02,0886.02,462,Montréal,B,24462,24,Quebec / Québec,0,1,0,0,2,0,0,1,1,0,0
5350376.01,0376.01,535,Toronto,B,35535,35,Ontario,0,0,0,0,0,0,0,0,0,0,0
4330014.00,0014.00,433,Sherbrooke,B,24433,24,Quebec / Québec,1,1,5,0,4,2,1,0,0,0,0
0010015.04,0015.04,001,St. John's,B,10001,10,Newfoundland and Labrador / Terre-Neuve-et-Labrador,1,2,0,1,2,0,1,0,0,0,0
9330207.00,0207.00,933,Vancouver,B,59933,59,British Columbia / Colombie-Britannique,1,1,0,1,4,0,0,0,0,0,0
3050002.00,0002.00,305,Moncton,B,13305,13,New Brunswick / Nouveau-Brunswick,0,1,1,0,3,2,0,0,2,0,1
5350403.12,0403.12,535,Toronto,B,35535,35,Ontario,0,1,0,0,1,1,0,0,0,0,0
4620582.02,0582.02,462,Montréal,B,24462,24,Quebec / Québec,0,0,1,1,1,0,0,1,1,0,0
5350527.02,0527.02,535,Toronto,B,35535,35,Ontario,0,1,2,0,0,0,1,0,0,0,0
8350066.01,0066.01,835,Edmonton,B,48835,48,Alberta,0,1,2,0,0,0,0,0,1,0,0
5350050.02,0050.02,535,Toronto,B,35535,35,Ontario,0,5,0,0,2,1,1,0,0,0,0
4620661.01,0661.01,462,Montréal,B,24462,24,Quebec / Québec,0,0,0,1,2,0,0,0,0,0,0
5390110.00,0110.00,539,St. Catharines - Niagara,B,35539,35,Ontario,1,4,0,0,4,0,2,0,37,0,0
8350003.00,0003.00,835,Edmonton,B,48835,48,Alberta,1,2,0,0,1,0,0,0,1,0,0
4620710.11,0710.11,462,Montréal,B,24462,24,Quebec / Québec,0,1,0,0,0,0,0,0,0,0,0
9330130.04,0130.04,933,Vancouver,B,59933,59,British Columbia / Colombie-Britannique,0,3,0,0,6,0,3,1,0,0,0
5350403.03,0403.03,535,Toronto,B,35535,35,Ontario,0,0,0,0,0,0,0,0,0,0,0
5350301.04,0301.04,535,Toronto,B,35535,35,Ontario,0,14,1,2,17,1,1,8,1,0,1
4620601.02,0601.02,462,Montréal,B,24462,24,Quebec / Québec,0,3,0,0,1,2,1,0,0,0,0
4080001.00,0001.00,408,Saguenay,B,24408,24,Quebec / Québec,0,0,0,0,4,1,0,0,2,0,0
4620370.00,0370.00,462,Montréal,B,24462,24,Quebec / Québec,0,1,0,0,2,0,0,0,0,0,0
5350626.00,0626.00,535,Toronto,B,35535,35,Ontario,0,0,0,1,1,0,0,0,2,1,0
4330009.01,0009.01,433,Sherbrooke,B,24433,24,Quebec / Québec,0,0,0,0,0,0,0,0,2,0,0
5350400.06,0400.06,535,Toronto,B,35535,35,Ontario,0,0,0,0,2,0,0,0,0,0,0
5390209.05,0209.05,539,St. Catharines - Niagara,B,35539,35,Ontario,0,0,0,0,0,0,0,0,0,0,0
5390310.01,0310.01,539,St. Catharines - Niagara,B,35539,35,Ontario,1,0,1,0,0,0,0,0,0,0,0
4210160.03,0160.03,421,Québec,B,24421,24,Quebec / Québec,2,2,7,0,3,1,0,0,0,0,0
5350608.00,0608.00,535,Toronto,B,35535,35,Ontario,1,1,1,1,2,0,1,0,0,0,0
5350424.04,0424.04,535,Toronto,B,35535,35,Ontario,0,1,0,0,0,0,0,0,0,0,0
8250002.18,0002.18,825,Calgary,B,48825,48,Alberta,0,0,0,0,1,0,0,0,0,0,0
5050125.02,0125.02,505,Ottawa - Gatineau (Ontario part / partie de l'Ontario),B,35505,35,Ontario,0,0,0,0,0,1,0,0,0,0,0
4210835.03,0835.03,421,Québec,B,24421,24,Quebec / Québec,0,1,0,0,1,1,0,0,1,0,0
4620140.00,0140.00,462,Montréal,B,24462,24,Quebec / Québec,0,2,0,1,4,2,0,0,2,0,0
4620610.05,0610.05,462,Montréal,B,24462,24,Quebec / Québec,0,0,0,0,2,0,0,0,0,0,0
4590402.00,0402.00,459,Saint-Jean-sur-Richelieu,K,24459,24,Quebec / Québec,0,1,0,0,0,0,0,0,2,0,0
4210007.00,0007.00,421,Québec,B,24421,24,Quebec / Québec,0,0,1,0,1,0,1,0,0,0,0
4330100.00,0100.00,433,Sherbrooke,B,24433,24,Quebec / Québec,1,1,2,0,3,1,1,1,5,0,0
9330184.08,0184.08,933,Vancouver,B,59933,59,British Columbia / Colombie-Britannique,0,0,0,0,0,0,0,0,4,0,1
5350516.41,0516.41,535,Toronto,B,35535,35,Ontario,0,0,0,0,0,0,0,0,0,0,0
4080105.00,0105.00,408,Saguenay,B,24408,24,Quebec / Québec,0,1,2,0,9,4,0,0,1,0,0
2050005.00,0005.00,205,Halifax,B,12205,12,Nova Scotia / Nouvelle-Écosse,0,0,0,0,1,0,0,0,1,0,0
4620241.00,0241.00,462,Montréal,B,24462,24,Quebec / Québec,0,0,0,0,0,0,0,0,0,0,0
8250077.03,0077.03,825,Calgary,B,48825,48,Alberta,0,0,0,0,1,0,0,0,1,0,0
4620649.02,0649.02,462,Montréal,B,24462,24,Quebec / Québec,0,0,0,0,1,0,0,0,0,0,0
4210033.02,0033.02,421,Québec,B,24421,24,Quebec / Québec,0,0,1,0,0,0,0,0,0,0,0
9330162.01,0162.01,933,Vancouver,B,59933,59,British Columbia / Colombie-Britannique,0,2,0,0,0,0,1,0,0,0,0
9330131.00,0131.00,933,Vancouver,B,59933,59,British Columbia / Colombie-Britannique,0,1,1,0,3,0,0,0,1,0,0
8250002.14,0002.14,825,Calgary,B,48825,48,Alberta,0,0,0,0,0,0,0,0,0,0,0
8350045.00,0045.00,835,Edmonton,B,48835,48,Alberta,3,1,1,0,14,1,4,0,1,0,0
5350516.31,0516.31,535,Toronto,B,35535,35,Ontario,1,0,0,0,0,0,0,1,0,0,0
8250040.00,0040.00,825,Calgary,B,48825,48,Alberta,1,1,1,1,5,0,1,1,1,0,0
8250073.00,0073.00,825,Calgary,B,48825,48,Alberta,1,0,1,0,3,1,2,3,2,0,0
4080005.00,0005.00,408,Saguenay,B,24408,24,Quebec / Québec,0,0,0,0,4,0,0,0,0,0,0
5350607.00,0607.00,535,Toronto,B,35535,35,Ontario,0,0,0,0,5,0,0,2,0,0,0
5350073.00,0073.00,535,Toronto,B,35535,35,Ontario,0,1,0,0,0,0,0,0,0,0,0
7050017.00,0017.00,705,Regina,B,47705,47,Saskatchewan,0,0,0,1,13,7,0,1,2,0,1
4620227.00,0227.00,462,Montréal,B,24462,24,Quebec / Québec,0,1,0,0,3,1,0,0,0,0,0
5950011.01,0011.01,595,Thunder Bay,B,35595,35,Ontario,1,4,1,1,7,2,1,3,4,0,0
5350516.44,0516.44,535,Toronto,B,35535,35,Ontario,0,0,0,0,0,0,2,0,0,0,0
4620704.08,0704.08,462,Montréal,B,24462,24,Quebec / Québec,0,1,0,0,0,0,0,0,0,0,0
9330186.07,0186.07,933,Vancouver,B,59933,59,British Columbia / Colombie-Britannique,0,0,0,0,0,0,0,0,2,0,0
4620243.00,0243.00,462,Montréal,B,24462,24,Quebec / Québec,1,1,0,0,2,1,0,0,0,0,0
8050001.00,0001.00,805,Medicine Hat,K,48805,48,Alberta,0,0,0,0,0,0,1,0,1,0,0
5350233.00,0233.00,535,Toronto,B,35535,35,Ontario,0,0,0,1,1,0,1,0,0,0,0
4620879.02,0879.02,462,Montréal,B,24462,24,Quebec / Québec,1,2,2,0,4,0,0,0,0,0,0
5350269.01,0269.01,535,Toronto,B,35535,35,Ontario,0,1,0,0,0,0,0,1,0,0,0
8350002.05,0002.05,835,Edmonton,B,48835,48,Alberta,0,0,0,0,0,0,0,0,0,0,0
5680013.00,0013.00,568,Barrie,B,35568,35,Ontario,0,0,2,2,3,0,0,1,2,0,1
5350516.18,0516.18,535,Toronto,B,35535,35,Ontario,0,0,1,0,0,0,0,0,0,0,0
4620610.07,0610.07,462,Montréal,B,24462,24,Quebec / Québec,0,1,4,0,2,1,1,0,0,0,1
5350516.21,0516.21,535,Toronto,B,35535,35,Ontario,0,0,0,0,0,0,0,0,0,0,0
6020534.00,0534.00,602,Winnipeg,B,46602,46,Manitoba,0,1,0,0,1,0,1,1,1,0,0
5350010.01,0010.01,535,Toronto,B,35535,35,Ontario,0,0,0,1,0,0,0,0,0,1,0
4330400.02,0400.02,433,Sherbrooke,B,24433,24,Quebec / Québec,1,2,3,0,4,2,1,0,4,0,0
5550300.00,0300.00,555,London,B,35555,35,Ontario,0,0,0,0,0,0,0,0,2,0,0
6020120.03,0120.03,602,Winnipeg,B,46602,46,Manitoba,0,0,0,0,0,0,1,0,0,0,0
6020133.00,0133.00,602,Winnipeg,B,46602,46,Manitoba,0,0,0,0,3,0,0,1,0,0,0
9330189.06,0189.06,933,Vancouver,B,59933,59,British Columbia / Colombie-Britannique,0,0,0,0,2,0,0,0,0,0,0
4620395.02,0395.02,462,Montréal,B,24462,24,Quebec / Québec,1,2,2,0,1,2,2,0,0,0,1
5290010.00,0010.00,529,Peterborough,B,35529,35,Ontario,0,0,0,0,3,0,0,0,0,1,1
5590015.00,0015.00,559,Windsor,B,35559,35,Ontario,0,2,1,2,2,0,0,1,2,0,1
5350226.00,0226.00,535,Toronto,B,35535,35,Ontario,0,2,0,0,2,0,1,1,0,0,0
3100001.01,0001.01,310,Saint John,B,13310,13,New Brunswick / Nouveau-Brunswick,0,0,0,0,0,0,0,0,0,0,0
5050170.01,0170.01,505,Ottawa - Gatineau (Ontario part / partie de l'Ontario),B,35505,35,Ontario,0,0,0,0,2,0,0,0,0,0,0
5550037.00,0037.00,555,London,B,35555,35,Ontario,0,0,0,0,3,1,0,1,0,0,0
5350420.10,0420.10,535,Toronto,B,35535,35,Ontario,0,2,0,0,2,0,0,1,0,0,0
5350378.04,0378.04,535,Toronto,B,35535,35,Ontario,0,0,1,0,2,0,0,2,0,0,0
2050121.05,0121.05,205,Halifax,B,12205,12,Nova Scotia / Nouvelle-Écosse,0,0,0,0,2,1,0,0,0,0,0
5390322.00,0322.00,539,St. Catharines - Niagara,B,35539,35,Ontario,0,0,2,0,4,1,1,1,2,0,1
4620166.00,0166.00,462,Montréal,B,24462,24,Quebec / Québec,0,0,0,0,3,1,0,1,0,0,0
4620392.00,0392.00,462,Montréal,B,24462,24,Quebec / Québec,1,2,4,2,5,0,0,0,1,0,0
9300019.00,0019.00,930,Chilliwack,K,59930,59,British Columbia / Colombie-Britannique,0,0,0,0,0,0,0,0,0,0,0
2050155.00,0155.00,205,Halifax,B,12205,12,Nova Scotia / Nouvelle-Écosse,0,0,0,0,0,0,0,0,0,0,0
5800003.00,0003.00,580,Greater Sudbury / Grand Sudbury,B,35580,35,Ontario,0,5,0,1,10,0,1,0,1,0,0
7250013.07,0013.07,725,Saskatoon,B,47725,47,Saskatchewan,0,0,0,0,0,0,0,0,0,0,0
4620833.00,0833.00,462,Montréal,B,24462,24,Quebec / Québec,0,1,0,0,0,0,0,0,0,0,0
5350411.25,0411.25,535,Toronto,B,35535,35,Ontario,0,0,0,0,0,0,0,1,0,0,0
5050141.10,0141.10,505,Ottawa - Gatineau (Ontario part / partie de l'Ontario),B,35505,35,Ontario,0,0,0,0,1,0,0,0,0,0,0
9330187.05,0187.05,933,Vancouver,B,59933,59,British Columbia / Colombie-Britannique,0,1,0,0,1,0,0,0,0,0,0
5350053.00,0053.00,535,Toronto,B,35535,35,Ontario,0,3,0,0,1,1,0,0,0,0,0
5320008.02,0008.02,532,Oshawa,B,35532,35,Ontario,0,0,0,0,1,0,0,0,1,0,0
9330235.02,0235.02,933,Vancouver,B,59933,59,British Columbia / Colombie-Britannique,0,1,0,0,1,0,0,0,0,0,0
5050161.06,0161.06,505,Ottawa - Gatineau (Ontario part / partie de l'Ontario),B,35505,35,Ontario,0,0,0,0,0,0,0,0,0,0,1
4620655.01,0655.01,462,Montréal,B,24462,24,Quebec / Québec,0,0,2,0,1,1,0,0,0,0,0
5350378.03,0378.03,535,Toronto,B,35535,35,Ontario,1,4,0,0,2,1,0,1,1,0,0
8250201.01,0201.01,825,Calgary,B,48825,48,Alberta,0,0,0,0,3,0,1,0,1,0,0
9150009.01,0009.01,915,Kelowna,B,59915,59,British Columbia / Colombie-Britannique,0,0,1,0,3,0,0,1,1,0,0
4620029.00,0029.00,462,Montréal,B,24462,24,Quebec / Québec,1,0,1,0,2,0,0,0,0,0,0
5800017.01,0017.01,580,Greater Sudbury / Grand Sudbury,B,35580,35,Ontario,0,0,1,0,1,0,0,1,0,0,0
5350175.02,0175.02,535,Toronto,B,35535,35,Ontario,0,5,3,0,5,0,0,2,0,0,0
5350362.03,0362.03,535,Toronto,B,35535,35,Ontario,0,0,0,0,2,0,0,0,0,0,0
5050052.00,0052.00,505,Ottawa - Gatineau (Ontario part / partie de l'Ontario),B,35505,35,Ontario,0,1,1,3,5,0,0,0,7,0,0
8350104.27,0104.27,835,Edmonton,B,48835,48,Alberta,0,0,0,0,0,0,2,0,1,0,0
4620213.00,0213.00,462,Montréal,B,24462,24,Quebec / Québec,0,1,1,0,4,3,0,0,0,0,0
5350585.08,0585.08,535,Toronto,B,35535,35,Ontario,0,0,0,0,1,0,0,0,0,0,0
8350140.03,0140.03,835,Edmonton,B,48835,48,Alberta,5,2,1,0,1,0,6,0,0,0,0
5350620.07,0620.07,535,Toronto,B,35535,35,Ontario,0,0,0,0,0,0,0,0,0,0,0
9330030.00,0030.00,933,Vancouver,B,59933,59,British Columbia / Colombie-Britannique,0,1,0,0,1,0,1,0,1,0,0
4210835.05,0835.05,421,Québec,B,24421,24,Quebec / Québec,0,1,0,0,0,0,0,0,0,0,0
5390013.01,0013.01,539,St. Catharines - Niagara,B,35539,35,Ontario,0,1,0,0,3,0,1,1,0,0,0
4620870.01,0870.01,462,Montréal,B,24462,24,Quebec / Québec,0,0,1,0,0,1,0,0,0,0,0
3100013.00,0013.00,310,Saint John,B,13310,13,New Brunswick / Nouveau-Brunswick,0,0,0,0,3,0,0,1,1,0,0
5350400.18,0400.18,535,Toronto,B,35535,35,Ontario,0,0,0,0,1,0,0,0,0,0,0
9150011.00,0011.00,915,Kelowna,B,59915,59,British Columbia / Colombie-Britannique,2,1,2,0,2,0,0,1,7,0,0
9330151.03,0151.03,933,Vancouver,B,59933,59,British Columbia / Colombie-Britannique,0,3,0,0,3,0,0,0,2,0,0
5350576.45,0576.45,535,Toronto,B,35535,35,Ontario,0,0,0,0,0,0,0,0,0,0,0
4210036.00,0036.00,421,Québec,B,24421,24,Quebec / Québec,0,2,1,0,7,2,0,0,1,1,0
8300016.02,0016.02,830,Red Deer,K,48830,48,Alberta,1,0,0,0,1,0,0,1,0,0,0
5350573.05,0573.05,535,Toronto,B,35535,35,Ontario,0,0,0,0,1,0,0,0,0,0,0
4420210.00,0210.00,442,Trois-Rivières,B,24442,24,Quebec / Québec,0,1,4,0,2,4,0,0,8,0,0
5350297.02,0297.02,535,Toronto,B,35535,35,Ontario,0,5,0,0,1,0,0,0,0,0,0
8250065.00,0065.00,825,Calgary,B,48825,48,Alberta,0,2,0,0,2,1,1,1,14,0,0
5350155.00,0155.00,535,Toronto,B,35535,35,Ontario,0,0,0,0,1,1,0,0,0,0,0
7050028.03,0028.03,705,Regina,B,47705,47,Saskatchewan,0,0,1,0,0,0,0,0,0,0,0
9330110.04,0110.04,933,Vancouver,B,59933,59,British Columbia / Colombie-Britannique,0,1,0,0,1,1,0,0,0,0,0
5350264.00,0264.00,535,Toronto,B,35535,35,Ontario,0,0,1,0,1,0,0,0,0,0,0
7050103.00,0103.00,705,Regina,B,47705,47,Saskatchewan,0,0,0,0,0,0,0,0,1,0,0
5410120.01,0120.01,541,Kitchener - Cambridge - Waterloo,B,35541,35,Ontario,0,0,0,0,0,0,0,0,0,0,0
9330140.02,0140.02,933,Vancouver,B,59933,59,British Columbia / Colombie-Britannique,0,4,0,0,5,0,0,1,1,0,0
5350800.01,0800.01,535,Toronto,B,35535,35,Ontario,0,0,1,0,1,1,0,0,0,0,0
4210114.00,0114.00,421,Québec,B,24421,24,Quebec / Québec,0,7,0,0,6,0,0,4,1,0,0
9330010.02,0010.02,933,Vancouver,B,59933,59,British Columbia / Colombie-Britannique,0,0,0,1,0,0,0,0,1,0,0
5350209.00,0209.00,535,Toronto,B,35535,35,Ontario,0,0,0,0,1,0,0,0,0,0,1
4080111.02,0111.02,408,Saguenay,B,24408,24,Quebec / Québec,0,0,0,0,1,1,0,0,1,0,0
5350153.00,0153.00,535,Toronto,B,35535,35,Ontario,0,0,0,0,1,0,0,2,0,0,1
9330161.06,0161.06,933,Vancouver,B,59933,59,British Columbia / Colombie-Britannique,0,2,1,0,0,1,0,0,1,0,1
5350631.03,0631.03,535,Toronto,B,35535,35,Ontario,0,0,0,0,0,0,0,0,0,0,0
8250010.00,0010.00,825,Calgary,B,48825,48,Alberta,1,4,1,0,7,2,7,2,3,0,2
5050630.01,0630.01,505,Ottawa - Gatineau (partie du Québec / Quebec part),B,24505,24,Quebec / Québec,0,1,0,1,1,0,0,0,2,0,0
4210029.00,0029.00,421,Québec,B,24421,24,Quebec / Québec,0,0,1,0,7,2,0,1,0,1,0
9330184.09,0184.09,933,Vancouver,B,59933,59,British Columbia / Colombie-Britannique,0,0,0,0,0,0,0,0,0,0,0
9350132.04,0132.04,935,Victoria,B,59935,59,British Columbia / Colombie-Britannique,0,2,0,0,2,0,0,0,2,0,0
4620653.00,0653.00,462,Montréal,B,24462,24,Quebec / Québec,1,1,0,0,0,0,0,0,0,0,0
4620710.10,0710.10,462,Montréal,B,24462,24,Quebec / Québec,0,2,1,0,0,0,0,0,0,0,0
4080166.00,0166.00,408,Saguenay,B,24408,24,Quebec / Québec,0,0,0,0,1,1,0,0,3,0,0
5430013.00,0013.00,543,Brantford,B,35543,35,Ontario,0,0,1,1,3,0,0,1,0,0,0
5350401.14,0401.14,535,Toronto,B,35535,35,Ontario,0,0,0,0,1,0,0,0,0,0,0
6020110.04,0110.04,602,Winnipeg,B,46602,46,Manitoba,0,0,0,0,0,0,0,0,0,0,0
5350163.00,0163.00,535,Toronto,B,35535,35,Ontario,0,1,0,0,1,0,0,0,0,0,1
0010001.00,0001.00,001,St. John's,B,10001,10,Newfoundland and Labrador / Terre-Neuve-et-Labrador,0,0,0,1,0,0,0,0,0,0,0
5550032.00,0032.00,555,London,B,35555,35,Ontario,0,1,0,0,6,2,1,0,0,0,1
5350456.03,0456.03,535,Toronto,B,35535,35,Ontario,0,0,1,0,1,0,0,0,0,0,0
8350160.02,0160.02,835,Edmonton,B,48835,48,Alberta,0,0,0,0,0,0,0,0,0,0,0
5350187.00,0187.00,535,Toronto,B,35535,35,Ontario,0,2,0,0,2,0,0,0,0,0,0
5410102.00,0102.00,541,Kitchener - Cambridge - Waterloo,B,35541,35,Ontario,1,14,1,2,10,5,3,2,2,0,1
5350375.04,0375.04,535,Toronto,B,35535,35,Ontario,0,1,0,0,0,0,0,0,0,0,0
6020501.02,0501.02,602,Winnipeg,B,46602,46,Manitoba,0,1,0,0,7,0,0,0,0,0,0
6020560.02,0560.02,602,Winnipeg,B,46602,46,Manitoba,0,2,0,0,0,1,0,1,1,0,1
4080132.00,0132.00,408,Saguenay,B,24408,24,Quebec / Québec,0,0,0,0,2,0,0,0,0,0,0
5050102.00,0102.00,505,Ottawa - Gatineau (Ontario part / partie de l'Ontario),B,35505,35,Ontario,0,2,0,2,5,2,1,2,0,0,0
5350375.05,0375.05,535,Toronto,B,35535,35,Ontario,0,0,0,0,1,0,0,0,0,0,0
9330270.00,0270.00,933,Vancouver,B,59933,59,British Columbia / Colombie-Britannique,0,1,1,0,2,1,1,0,0,0,0
5350270.02,0270.02,535,Toronto,B,35535,35,Ontario,0,1,0,0,0,0,0,0,0,0,0
5590003.01,0003.01,559,Windsor,B,35559,35,Ontario,0,0,0,0,3,0,0,0,2,0,0
8250041.00,0041.00,825,Calgary,B,48825,48,Alberta,2,4,5,0,9,0,3,0,0,0,0
5900001.02,0001.02,590,Sault Ste. Marie,K,35590,35,Ontario,0,0,0,0,0,0,0,0,2,0,0
5350401.21,0401.21,535,Toronto,B,35535,35,Ontario,0,0,0,0,0,0,0,1,0,0,0
5220001.00,0001.00,522,Belleville,K,35522,35,Ontario,0,0,0,0,1,0,0,0,0,0,0
4620628.02,0628.02,462,Montréal,B,24462,24,Quebec / Québec,0,0,0,0,1,0,0,0,0,0,0
8350142.01,0142.01,835,Edmonton,B,48835,48,Alberta,0,2,0,0,2,1,2,0,5,0,0
3100016.00,0016.00,310,Saint John,B,13310,13,New Brunswick / Nouveau-Brunswick,0,1,0,0,3,0,0,1,0,0,1
5410100.00,0100.00,541,Kitchener - Cambridge - Waterloo,B,35541,35,Ontario,0,1,1,0,1,0,0,0,0,0,0
9700002.00,0002.00,970,Prince George,K,59970,59,British Columbia / Colombie-Britannique,0,1,1,1,0,0,0,0,0,0,0
5590130.01,0130.01,559,Windsor,B,35559,35,Ontario,0,1,2,0,0,0,0,0,1,0,0
4621005.00,1005.00,462,Montréal,B,24462,24,Quebec / Québec,0,0,0,0,1,1,0,0,1,0,0
9350129.02,0129.02,935,Victoria,B,59935,59,British Columbia / Colombie-Britannique,0,1,0,1,4,1,1,0,0,0,0
9350004.00,0004.00,935,Victoria,B,59935,59,British Columbia / Colombie-Britannique,1,18,2,0,1,0,0,0,8,0,0
9330281.02,0281.02,933,Vancouver,B,59933,59,British Columbia / Colombie-Britannique,0,0,1,0,0,0,0,0,0,0,0
8250077.19,0077.19,825,Calgary,B,48825,48,Alberta,0,0,0,0,1,1,1,0,0,0,0
9330163.01,0163.01,933,Vancouver,B,59933,59,British Columbia / Colombie-Britannique,0,0,0,0,1,0,0,0,0,0,0
9330238.01,0238.01,933,Vancouver,B,59933,59,British Columbia / Colombie-Britannique,0,0,0,1,0,0,0,0,1,0,0
6020115.00,0115.00,602,Winnipeg,B,46602,46,Manitoba,0,0,0,0,2,0,0,0,0,0,0
5050126.04,0126.04,505,Ottawa - Gatineau (Ontario part / partie de l'Ontario),B,35505,35,Ontario,0,1,1,1,2,1,0,0,0,0,0
5590025.00,0025.00,559,Windsor,B,35559,35,Ontario,0,3,0,1,5,1,0,1,0,0,0
5590041.00,0041.00,559,Windsor,B,35559,35,Ontario,0,0,0,0,2,0,2,0,0,0,0
4620410.01,0410.01,462,Montréal,B,24462,24,Quebec / Québec,0,0,0,0,0,0,0,0,0,0,0
5350521.04,0521.04,535,Toronto,B,35535,35,Ontario,0,0,0,0,0,0,0,0,0,0,0
5390002.00,0002.00,539,St. Catharines - Niagara,B,35539,35,Ontario,2,1,2,0,1,0,2,0,0,0,0
5220015.00,0015.00,522,Belleville,K,35522,35,Ontario,0,1,0,0,2,1,0,2,3,0,0
9330185.09,0185.09,933,Vancouver,B,59933,59,British Columbia / Colombie-Britannique,0,5,0,0,3,0,1,1,0,0,0
5900014.00,0014.00,590,Sault Ste. Marie,K,35590,35,Ontario,0,0,0,0,6,0,0,1,0,0,0
5370047.00,0047.00,537,Hamilton,B,35537,35,Ontario,0,1,2,0,4,3,0,0,1,0,0
5320104.00,0104.00,532,Oshawa,B,35532,35,Ontario,0,7,0,0,3,0,0,0,1,0,0
5550010.01,0010.01,555,London,B,35555,35,Ontario,0,0,0,0,1,0,0,0,0,0,0
5800001.06,0001.06,580,Greater Sudbury / Grand Sudbury,B,35580,35,Ontario,0,1,3,0,1,0,0,0,2,0,0
6020533.00,0533.00,602,Winnipeg,B,46602,46,Manitoba,1,2,0,0,4,2,0,1,3,0,0
5350192.00,0192.00,535,Toronto,B,35535,35,Ontario,0,2,0,0,1,0,0,1,0,0,0
5350113.00,0113.00,535,Toronto,B,35535,35,Ontario,0,1,0,0,0,1,0,1,0,0,0
5350301.01,0301.01,535,Toronto,B,35535,35,Ontario,0,0,0,0,0,0,1,0,0,0,0
4420008.00,0008.00,442,Trois-Rivières,B,24442,24,Quebec / Québec,0,1,3,0,12,2,0,0,1,0,1
5350421.06,0421.06,535,Toronto,B,35535,35,Ontario,1,1,0,1,1,2,0,0,1,0,1
5390305.00,0305.00,539,St. Catharines - Niagara,B,35539,35,Ontario,2,0,0,0,2,2,0,0,1,0,0
4620014.01,0014.01,462,Montréal,B,24462,24,Quebec / Québec,1,2,4,2,9,2,0,0,0,0,0
8250001.09,0001.09,825,Calgary,B,48825,48,Alberta,0,2,0,1,3,0,1,1,0,0,0
5370223.13,0223.13,537,Hamilton,B,35537,35,Ontario,0,0,0,0,0,0,1,0,0,0,0
4620889.03,0889.03,462,Montréal,B,24462,24,Quebec / Québec,0,1,1,0,1,1,0,0,0,0,0
3050008.00,0008.00,305,Moncton,B,13305,13,New Brunswick / Nouveau-Brunswick,0,2,1,1,7,1,0,3,2,0,0
9330190.01,0190.01,933,Vancouver,B,59933,59,British Columbia / Colombie-Britannique,0,5,2,0,7,1,0,5,2,0,0
4620638.03,0638.03,462,Montréal,B,24462,24,Quebec / Québec,0,1,0,0,2,0,0,0,0,0,0
4210360.01,0360.01,421,Québec,B,24421,24,Quebec / Québec,0,0,2,0,0,0,0,0,0,0,0
4620633.00,0633.00,462,Montréal,B,24462,24,Quebec / Québec,0,0,2,0,0,0,0,0,0,0,0
3100028.00,0028.00,310,Saint John,B,13310,13,New Brunswick / Nouveau-Brunswick,0,1,0,0,0,2,0,0,2,0,1
4210830.01,0830.01,421,Québec,B,24421,24,Quebec / Québec,0,2,5,0,5,4,1,0,2,0,0
5500006.00,0006.00,550,Guelph,B,35550,35,Ontario,1,22,1,2,15,10,1,2,3,0,0
6020560.04,0560.04,602,Winnipeg,B,46602,46,Manitoba,0,1,0,0,0,0,0,0,0,0,0
4620328.00,0328.00,462,Montréal,B,24462,24,Quebec / Québec,0,0,0,0,0,0,0,0,0,0,0
8100020.02,0020.02,810,Lethbridge,K,48810,48,Alberta,0,0,0,0,1,1,2,0,0,0,0
8250039.00,0039.00,825,Calgary,B,48825,48,Alberta,1,7,1,0,15,2,5,6,4,0,0
5370303.02,0303.02,537,Hamilton,B,35537,35,Ontario,1,2,3,0,0,0,0,0,1,1,0
5050506.00,0506.00,505,Ottawa - Gatineau (partie du Québec / Quebec part),B,24505,24,Quebec / Québec,1,10,4,0,6,2,2,1,1,1,0
5210113.02,0113.02,521,Kingston,B,35521,35,Ontario,0,1,1,1,1,0,0,0,0,0,0
5350576.07,0576.07,535,Toronto,B,35535,35,Ontario,0,4,0,0,0,0,0,0,0,0,0
5350131.00,0131.00,535,Toronto,B,35535,35,Ontario,0,5,0,0,0,0,1,0,1,0,0
4620859.00,0859.00,462,Montréal,B,24462,24,Quebec / Québec,0,1,0,0,3,1,0,0,0,0,0
5350376.09,0376.09,535,Toronto,B,35535,35,Ontario,0,0,0,0,1,0,0,0,0,0,0
4620642.00,0642.00,462,Montréal,B,24462,24,Quebec / Québec,0,8,1,0,14,4,3,2,5,0,1
8250001.10,0001.10,825,Calgary,B,48825,48,Alberta,0,0,0,0,1,1,0,0,0,0,0
5620008.00,0008.00,562,Sarnia,K,35562,35,Ontario,0,3,0,0,1,0,0,0,1,0,1
5550022.00,0022.00,555,London,B,35555,35,Ontario,1,58,4,3,29,25,3,6,4,0,1
5550002.03,0002.03,555,London,B,35555,35,Ontario,0,1,1,0,0,0,0,0,0,0,0
5370003.04,0003.04,537,Hamilton,B,35537,35,Ontario,0,1,0,1,5,0,0,0,0,0,0
5050046.00,0046.00,505,Ottawa - Gatineau (Ontario part / partie de l'Ontario),B,35505,35,Ontario,0,3,1,2,7,0,0,1,0,0,0
5350265.00,0265.00,535,Toronto,B,35535,35,Ontario,10,2,0,0,2,0,0,0,0,0,0
4620930.04,0930.04,462,Montréal,B,24462,24,Quebec / Québec,0,3,3,0,1,0,0,0,2,0,0
9330021.00,0021.00,933,Vancouver,B,59933,59,British Columbia / Colombie-Britannique,0,3,0,0,1,0,0,0,0,2,0
5350230.02,0230.02,535,Toronto,B,35535,35,Ontario,0,1,1,0,0,0,0,0,0,0,0
5350410.09,0410.09,535,Toronto,B,35535,35,Ontario,0,4,3,0,3,0,0,2,0,0,0
9250013.00,0013.00,925,Kamloops,K,59925,59,British Columbia / Colombie-Britannique,0,0,1,0,2,2,1,0,1,0,0
9330401.01,0401.01,933,Vancouver,B,59933,59,British Columbia / Colombie-Britannique,0,0,1,0,0,1,1,0,4,0,0
4620215.00,0215.00,462,Montréal,B,24462,24,Quebec / Québec,0,3,1,0,5,3,0,0,0,0,0
4620800.02,0800.02,462,Montréal,B,24462,24,Quebec / Québec,0,0,0,0,2,0,0,1,0,0,0
7050008.01,0008.01,705,Regina,B,47705,47,Saskatchewan,0,0,0,0,0,0,0,0,0,0,0
5350260.04,0260.04,535,Toronto,B,35535,35,Ontario,0,1,0,0,2,0,0,0,0,0,0
8350151.01,0151.01,835,Edmonton,B,48835,48,Alberta,1,2,0,0,2,0,3,1,0,0,0
5350308.02,0308.02,535,Toronto,B,35535,35,Ontario,1,3,0,0,0,0,1,0,0,0,0
5550006.01,0006.01,555,London,B,35555,35,Ontario,0,1,0,0,0,0,0,0,0,0,0
9330284.01,0284.01,933,Vancouver,B,59933,59,British Columbia / Colombie-Britannique,0,1,0,0,1,0,0,1,1,0,0
8350104.10,0104.10,835,Edmonton,B,48835,48,Alberta,0,0,0,0,0,0,0,0,0,0,0
8300007.00,0007.00,830,Red Deer,K,48830,48,Alberta,0,0,0,0,0,0,0,0,0,0,0
5500008.00,0008.00,550,Guelph,B,35550,35,Ontario,0,1,0,0,3,0,0,0,0,0,0
4620261.00,0261.00,462,Montréal,B,24462,24,Quebec / Québec,0,0,0,0,1,0,1,0,0,0,0
5050126.05,0126.05,505,Ottawa - Gatineau (Ontario part / partie de l'Ontario),B,35505,35,Ontario,0,1,0,0,1,0,1,0,1,0,0
9330062.00,0062.00,933,Vancouver,B,59933,59,British Columbia / Colombie-Britannique,0,1,0,0,0,0,0,1,3,0,0
5370005.03,0005.03,537,Hamilton,B,35537,35,Ontario,0,0,1,0,0,0,0,0,0,0,0
5210013.00,0013.00,521,Kingston,B,35521,35,Ontario,0,3,0,0,5,0,1,2,3,0,0
5350585.09,0585.09,535,Toronto,B,35535,35,Ontario,0,1,0,0,3,0,1,0,0,1,0
3100014.00,0014.00,310,Saint John,B,13310,13,New Brunswick / Nouveau-Brunswick,0,1,0,0,3,1,0,1,2,1,0
9350130.02,0130.02,935,Victoria,B,59935,59,British Columbia / Colombie-Britannique,0,1,1,0,0,0,1,0,0,0,0
5550040.00,0040.00,555,London,B,35555,35,Ontario,0,2,0,0,2,1,1,0,0,0,0
5050141.09,0141.09,505,Ottawa - Gatineau (Ontario part / partie de l'Ontario),B,35505,35,Ontario,0,1,1,0,0,0,0,0,0,0,0
5350572.01,0572.01,535,Toronto,B,35535,35,Ontario,0,2,1,0,2,0,0,1,0,0,1
5350351.01,0351.01,535,Toronto,B,35535,35,Ontario,0,3,0,0,3,0,0,0,0,0,0
9330410.02,0410.02,933,Vancouver,B,59933,59,British Columbia / Colombie-Britannique,0,1,0,0,3,2,0,0,1,0,0
7250012.08,0012.08,725,Saskatoon,B,47725,47,Saskatchewan,0,1,0,0,1,0,0,0,0,0,0
5350460.01,0460.01,535,Toronto,B,35535,35,Ontario,0,1,0,0,2,0,0,1,0,0,0
5350235.02,0235.02,535,Toronto,B,35535,35,Ontario,0,1,0,0,0,0,0,0,0,0,0
8350076.02,0076.02,835,Edmonton,B,48835,48,Alberta,1,0,0,0,1,0,0,0,0,0,0
5350423.01,0423.01,535,Toronto,B,35535,35,Ontario,1,1,0,0,1,0,0,0,0,1,0
4620676.01,0676.01,462,Montréal,B,24462,24,Quebec / Québec,1,0,2,0,2,0,0,0,0,0,0
5350403.01,0403.01,535,Toronto,B,35535,35,Ontario,0,0,0,0,0,0,0,0,0,0,0
5350048.00,0048.00,535,Toronto,B,35535,35,Ontario,1,4,0,0,3,2,0,0,0,0,1
5350400.02,0400.02,535,Toronto,B,35535,35,Ontario,0,0,0,0,1,0,0,0,0,0,0
4620610.03,0610.03,462,Montréal,B,24462,24,Quebec / Québec,0,0,1,0,1,0,0,0,0,0,0
4620777.02,0777.02,462,Montréal,B,24462,24,Quebec / Québec,0,3,3,0,6,2,1,0,0,0,0
5620101.01,0101.01,562,Sarnia,K,35562,35,Ontario,0,1,3,0,0,0,0,0,0,0,0
5350195.00,0195.00,535,Toronto,B,35535,35,Ontario,1,1,1,0,1,0,0,0,0,0,0
5350805.04,0805.04,535,Toronto,B,35535,35,Ontario,0,0,0,0,1,0,0,0,0,0,0
3200003.00,0003.00,320,Fredericton,K,13320,13,New Brunswick / Nouveau-Brunswick,0,4,0,1,10,0,0,0,2,0,0
4620904.02,0904.02,462,Montréal,B,24462,24,Quebec / Québec,0,1,2,0,4,3,0,0,1,0,0
2050010.00,0010.00,205,Halifax,B,12205,12,Nova Scotia / Nouvelle-Écosse,1,2,1,1,11,1,2,0,2,0,1
5050841.07,0841.07,505,Ottawa - Gatineau (partie du Québec / Quebec part),B,24505,24,Quebec / Québec,0,1,0,0,0,0,0,0,1,0,0
4620580.03,0580.03,462,Montréal,B,24462,24,Quebec / Québec,0,1,2,0,0,0,0,0,0,0,0
9150102.05,0102.05,915,Kelowna,B,59915,59,British Columbia / Colombie-Britannique,0,0,0,0,0,0,0,0,1,0,0
5390307.00,0307.00,539,St. Catharines - Niagara,B,35539,35,Ontario,0,1,1,1,5,0,2,0,1,0,0
5350593.00,0593.00,535,Toronto,B,35535,35,Ontario,0,0,0,1,1,0,0,0,1,0,0
5050300.00,0300.00,505,Ottawa - Gatineau (Ontario part / partie de l'Ontario),B,35505,35,Ontario,0,2,1,0,5,1,1,1,0,0,0
4620710.03,0710.03,462,Montréal,B,24462,24,Quebec / Québec,0,2,0,0,0,2,0,1,2,0,0
5370084.05,0084.05,537,Hamilton,B,35537,35,Ontario,0,0,1,0,0,0,0,0,0,0,0
2050122.05,0122.05,205,Halifax,B,12205,12,Nova Scotia / Nouvelle-Écosse,0,0,0,0,0,0,1,1,0,0,0
9330410.05,0410.05,933,Vancouver,B,59933,59,British Columbia / Colombie-Britannique,0,1,0,0,0,0,1,0,0,0,0
5050183.00,0183.00,505,Ottawa - Gatineau (Ontario part / partie de l'Ontario),B,35505,35,Ontario,2,2,0,0,1,1,0,0,0,0,0
2050142.01,0142.01,205,Halifax,B,12205,12,Nova Scotia / Nouvelle-Écosse,0,0,0,0,0,0,0,0,0,0,0
5370084.03,0084.03,537,Hamilton,B,35537,35,Ontario,0,0,0,0,0,0,0,0,0,0,0
4620027.00,0027.00,462,Montréal,B,24462,24,Quebec / Québec,0,1,1,0,0,2,0,0,0,0,0
5410019.00,0019.00,541,Kitchener - Cambridge - Waterloo,B,35541,35,Ontario,0,1,0,0,2,0,0,0,0,0,0
2050114.00,0114.00,205,Halifax,B,12205,12,Nova Scotia / Nouvelle-Écosse,1,3,0,0,8,2,0,3,4,0,0
5350516.37,0516.37,535,Toronto,B,35535,35,Ontario,0,1,1,0,0,0,0,1,0,0,0
4210825.00,0825.00,421,Québec,B,24421,24,Quebec / Québec,0,3,2,0,2,1,0,0,0,0,0
5350424.09,0424.09,535,Toronto,B,35535,35,Ontario,0,0,0,0,0,0,0,0,1,1,0
0010172.05,0172.05,001,St. John's,B,10001,10,Newfoundland and Labrador / Terre-Neuve-et-Labrador,0,1,0,0,0,1,1,0,1,0,0
5350324.02,0324.02,535,Toronto,B,35535,35,Ontario,0,1,0,0,2,0,0,0,0,0,0
8250077.17,0077.17,825,Calgary,B,48825,48,Alberta,1,1,0,0,1,1,1,0,0,0,0
8350090.17,0090.17,835,Edmonton,B,48835,48,Alberta,0,0,0,0,0,1,0,0,0,0,0
4620868.02,0868.02,462,Montréal,B,24462,24,Quebec / Québec,0,1,2,0,2,3,0,0,0,0,0
6020100.08,0100.08,602,Winnipeg,B,46602,46,Manitoba,0,0,1,0,0,0,0,0,0,0,0
4620926.01,0926.01,462,Montréal,B,24462,24,Quebec / Québec,0,1,4,1,5,2,0,0,0,0,0
4470101.00,0101.00,447,Drummondville,K,24447,24,Quebec / Québec,0,0,1,0,0,1,0,0,0,0,0
4210846.04,0846.04,421,Québec,B,24421,24,Quebec / Québec,1,0,3,0,0,0,0,0,0,0,0
5430202.00,0202.00,543,Brantford,B,35543,35,Ontario,0,0,0,0,3,0,1,1,0,0,0
9320011.00,0011.00,932,Abbotsford - Mission,B,59932,59,British Columbia / Colombie-Britannique,0,0,0,1,0,0,0,0,0,0,0
5390018.01,0018.01,539,St. Catharines - Niagara,B,35539,35,Ontario,0,0,3,0,2,0,2,0,1,0,1
3100110.01,0110.01,310,Saint John,B,13310,13,New Brunswick / Nouveau-Brunswick,1,2,0,0,4,0,1,1,2,0,0
5590023.00,0023.00,559,Windsor,B,35559,35,Ontario,0,2,0,2,3,0,0,0,0,0,0
5410004.02,0004.02,541,Kitchener - Cambridge - Waterloo,B,35541,35,Ontario,0,0,1,0,3,0,0,1,9,0,1
5350516.01,0516.01,535,Toronto,B,35535,35,Ontario,1,0,1,0,2,0,0,0,0,0,0
9330238.02,0238.02,933,Vancouver,B,59933,59,British Columbia / Colombie-Britannique,1,1,0,0,2,0,1,0,1,0,1
9330050.03,0050.03,933,Vancouver,B,59933,59,British Columbia / Colombie-Britannique,0,1,0,0,5,1,0,0,1,0,1
9150105.03,0105.03,915,Kelowna,B,59915,59,British Columbia / Colombie-Britannique,0,2,0,0,1,2,1,0,3,0,1
5220400.00,0400.00,522,Belleville,K,35522,35,Ontario,0,0,1,0,1,0,0,0,1,0,0
5350450.02,0450.02,535,Toronto,B,35535,35,Ontario,2,3,2,0,4,0,0,0,0,0,0
6020150.02,0150.02,602,Winnipeg,B,46602,46,Manitoba,0,1,0,0,2,0,0,0,0,0,0
4620415.06,0415.06,462,Montréal,B,24462,24,Quebec / Québec,0,2,2,1,9,2,1,3,11,0,0
4620686.01,0686.01,462,Montréal,B,24462,24,Quebec / Québec,0,0,0,1,0,0,0,0,0,0,0
8350015.02,0015.02,835,Edmonton,B,48835,48,Alberta,2,0,0,0,1,1,1,1,0,0,0
5050191.01,0191.01,505,Ottawa - Gatineau (Ontario part / partie de l'Ontario),B,35505,35,Ontario,0,3,1,0,1,1,0,0,3,0,0
4620733.00,0733.00,462,Montréal,B,24462,24,Quebec / Québec,0,1,2,0,1,1,0,0,1,0,0
4620806.01,0806.01,462,Montréal,B,24462,24,Quebec / Québec,0,1,0,0,2,0,0,0,0,0,0
4620585.01,0585.01,462,Montréal,B,24462,24,Quebec / Québec,0,0,0,0,0,0,0,0,1,0,0
5370084.04,0084.04,537,Hamilton,B,35537,35,Ontario,0,0,0,0,3,1,0,1,0,0,0
4620858.01,0858.01,462,Montréal,B,24462,24,Quebec / Québec,0,0,0,0,1,0,0,0,0,0,0
4330011.00,0011.00,433,Sherbrooke,B,24433,24,Quebec / Québec,0,2,2,1,5,0,0,0,1,0,0
2050131.03,0131.03,205,Halifax,B,12205,12,Nova Scotia / Nouvelle-Écosse,0,4,0,1,1,2,0,0,0,0,0
8350024.02,0024.02,835,Edmonton,B,48835,48,Alberta,1,0,0,0,0,0,1,0,0,0,0
4620830.04,0830.04,462,Montréal,B,24462,24,Quebec / Québec,0,0,0,0,0,0,0,0,0,0,0
4620324.02,0324.02,462,Montréal,B,24462,24,Quebec / Québec,0,0,0,0,1,0,0,0,0,0,0
4620709.01,0709.01,462,Montréal,B,24462,24,Quebec / Québec,1,2,0,0,2,2,0,0,0,0,0
9700007.00,0007.00,970,Prince George,K,59970,59,British Columbia / Colombie-Britannique,0,1,0,0,1,1,1,0,1,0,0
5390321.00,0321.00,539,St. Catharines - Niagara,B,35539,35,Ontario,1,5,1,0,9,0,1,2,4,0,0
5800016.01,0016.01,580,Greater Sudbury / Grand Sudbury,B,35580,35,Ontario,1,3,0,0,1,0,0,0,0,0,1
5350422.04,0422.04,535,Toronto,B,35535,35,Ontario,0,0,0,0,0,0,0,0,0,0,0
9330145.01,0145.01,933,Vancouver,B,59933,59,British Columbia / Colombie-Britannique,0,0,0,0,0,0,0,0,0,0,0
5050058.00,0058.00,505,Ottawa - Gatineau (Ontario part / partie de l'Ontario),B,35505,35,Ontario,1,2,2,1,1,1,1,1,1,0,0
5900016.00,0016.00,590,Sault Ste. Marie,K,35590,35,Ontario,0,0,1,1,5,1,0,0,2,1,0
4620231.00,0231.00,462,Montréal,B,24462,24,Quebec / Québec,0,1,0,0,0,1,0,0,0,0,0
5050033.02,0033.02,505,Ottawa - Gatineau (Ontario part / partie de l'Ontario),B,35505,35,Ontario,0,4,0,0,1,0,1,0,1,0,0
5950016.00,0016.00,595,Thunder Bay,B,35595,35,Ontario,1,0,1,0,0,0,1,0,0,1,0
9330147.05,0147.05,933,Vancouver,B,59933,59,British Columbia / Colombie-Britannique,0,4,0,0,2,0,0,0,0,0,0
5050062.02,0062.02,505,Ottawa - Gatineau (Ontario part / partie de l'Ontario),B,35505,35,Ontario,2,1,0,0,0,0,0,0,0,0,0
4210005.00,0005.00,421,Québec,B,24421,24,Quebec / Québec,0,2,2,0,4,3,1,0,4,0,0
8250001.34,0001.34,825,Calgary,B,48825,48,Alberta,0,0,0,0,0,0,0,0,0,0,0
5350186.00,0186.00,535,Toronto,B,35535,35,Ontario,0,1,0,1,2,0,0,0,0,0,0
4620661.03,0661.03,462,Montréal,B,24462,24,Quebec / Québec,0,1,0,0,2,0,0,0,0,0,0
4210340.03,0340.03,421,Québec,B,24421,24,Quebec / Québec,0,1,2,0,2,0,2,0,0,0,0
5370302.00,0302.00,537,Hamilton,B,35537,35,Ontario,1,7,0,0,4,0,2,0,0,0,0
5350401.05,0401.05,535,Toronto,B,35535,35,Ontario,1,24,0,0,8,4,0,2,5,0,0
5350345.00,0345.00,535,Toronto,B,35535,35,Ontario,0,1,0,0,3,0,1,0,0,0,0
5350234.00,0234.00,535,Toronto,B,35535,35,Ontario,0,4,1,0,3,0,0,0,1,0,0
9330044.00,0044.00,933,Vancouver,B,59933,59,British Columbia / Colombie-Britannique,0,2,0,0,6,0,0,0,2,0,0
9320206.00,0206.00,932,Abbotsford - Mission,B,59932,59,British Columbia / Colombie-Britannique,0,0,0,0,1,0,0,0,0,0,0
5550027.04,0027.04,555,London,B,35555,35,Ontario,0,0,0,0,0,0,0,0,0,0,0
5050631.00,0631.00,505,Ottawa - Gatineau (partie du Québec / Quebec part),B,24505,24,Quebec / Québec,0,0,1,1,2,0,1,0,0,0,0
5350528.34,0528.34,535,Toronto,B,35535,35,Ontario,2,14,1,1,12,2,0,2,6,0,0
5390301.00,0301.00,539,St. Catharines - Niagara,B,35539,35,Ontario,0,0,1,0,3,0,0,0,2,0,0
5590160.02,0160.02,559,Windsor,B,35559,35,Ontario,0,4,2,0,4,2,2,1,1,0,0
5350456.02,0456.02,535,Toronto,B,35535,35,Ontario,0,0,0,0,1,0,1,0,0,0,0
5320008.03,0008.03,532,Oshawa,B,35532,35,Ontario,0,1,0,0,0,0,0,0,0,0,0
5320009.02,0009.02,532,Oshawa,B,35532,35,Ontario,0,1,0,0,0,0,1,0,1,0,0
6020500.08,0500.08,602,Winnipeg,B,46602,46,Manitoba,0,0,0,0,1,0,0,0,0,0,0
8350078.15,0078.15,835,Edmonton,B,48835,48,Alberta,0,0,0,0,0,0,0,0,0,0,0
5350333.00,0333.00,535,Toronto,B,35535,35,Ontario,0,2,0,1,3,1,0,0,2,0,0
9330202.00,0202.00,933,Vancouver,B,59933,59,British Columbia / Colombie-Britannique,0,3,0,1,2,1,3,2,3,0,0
4210118.00,0118.00,421,Québec,B,24421,24,Quebec / Québec,0,0,0,0,1,0,0,0,1,0,0
5370084.01,0084.01,537,Hamilton,B,35537,35,Ontario,0,0,0,0,0,1,0,0,0,0,0
4420211.00,0211.00,442,Trois-Rivières,B,24442,24,Quebec / Québec,0,0,1,0,2,2,1,0,1,0,0
8100010.00,0010.00,810,Lethbridge,K,48810,48,Alberta,0,0,0,2,10,0,1,1,3,0,0
5320202.08,0202.08,532,Oshawa,B,35532,35,Ontario,0,1,1,0,0,0,0,0,0,0,0
5350122.00,0122.00,535,Toronto,B,35535,35,Ontario,0,8,1,2,3,0,0,0,0,0,0
8350006.17,0006.17,835,Edmonton,B,48835,48,Alberta,0,1,0,0,0,0,2,1,0,0,0
4590207.00,0207.00,459,Saint-Jean-sur-Richelieu,K,24459,24,Quebec / Québec,0,0,0,0,0,0,0,0,0,0,0
6020500.01,0500.01,602,Winnipeg,B,46602,46,Manitoba,1,0,0,1,0,0,0,1,2,0,0
4590300.00,0300.00,459,Saint-Jean-sur-Richelieu,K,24459,24,Quebec / Québec,0,0,2,0,5,1,0,0,0,0,0
2050130.03,0130.03,205,Halifax,B,12205,12,Nova Scotia / Nouvelle-Écosse,0,0,0,0,0,0,0,0,0,0,0
4590100.00,0100.00,459,Saint-Jean-sur-Richelieu,K,24459,24,Quebec / Québec,1,0,0,0,1,0,0,0,0,0,0
6020520.03,0520.03,602,Winnipeg,B,46602,46,Manitoba,0,0,0,0,2,0,0,0,0,0,0
9330036.01,0036.01,933,Vancouver,B,59933,59,British Columbia / Colombie-Britannique,0,1,0,0,2,0,1,0,0,0,1
5350585.07,0585.07,535,Toronto,B,35535,35,Ontario,0,1,0,1,0,0,0,0,1,0,0
5350058.00,0058.00,535,Toronto,B,35535,35,Ontario,0,4,0,0,2,3,0,0,3,0,0
0010100.04,0100.04,001,St. John's,B,10001,10,Newfoundland and Labrador / Terre-Neuve-et-Labrador,0,0,0,0,2,0,1,0,1,0,0
4620366.00,0366.00,462,Montréal,B,24462,24,Quebec / Québec,0,1,0,0,0,0,0,0,0,0,0
4620626.00,0626.00,462,Montréal,B,24462,24,Quebec / Québec,0,0,0,0,2,0,0,0,0,0,0
6020010.00,0010.00,602,Winnipeg,B,46602,46,Manitoba,0,4,2,0,1,1,0,0,3,0,0
5350022.00,0022.00,535,Toronto,B,35535,35,Ontario,0,8,1,0,1,3,0,0,1,0,0
8250070.00,0070.00,825,Calgary,B,48825,48,Alberta,0,0,0,0,0,2,2,0,0,0,0
5350300.00,0300.00,535,Toronto,B,35535,35,Ontario,0,11,1,1,2,0,0,3,1,0,0
4620740.02,0740.02,462,Montréal,B,24462,24,Quebec / Québec,0,0,1,0,2,2,0,0,1,0,0
9330135.00,0135.00,933,Vancouver,B,59933,59,British Columbia / Colombie-Britannique,0,1,0,0,1,0,0,0,1,0,0
5350513.04,0513.04,535,Toronto,B,35535,35,Ontario,0,0,0,0,0,0,0,0,0,0,0
5350574.00,0574.00,535,Toronto,B,35535,35,Ontario,1,29,2,1,13,2,2,2,1,1,0
4620514.02,0514.02,462,Montréal,B,24462,24,Quebec / Québec,0,0,0,0,0,0,0,1,0,0,0
9330132.00,0132.00,933,Vancouver,B,59933,59,British Columbia / Colombie-Britannique,0,0,0,0,0,0,0,0,1,0,0
5550210.00,0210.00,555,London,B,35555,35,Ontario,0,1,0,0,3,0,0,0,2,0,0
8250052.11,0052.11,825,Calgary,B,48825,48,Alberta,0,0,0,0,0,0,0,0,0,0,0
4620826.14,0826.14,462,Montréal,B,24462,24,Quebec / Québec,0,1,1,0,2,1,1,1,1,0,0
5210004.00,0004.00,521,Kingston,B,35521,35,Ontario,3,0,0,0,4,0,0,0,1,0,0
4620174.00,0174.00,462,Montréal,B,24462,24,Quebec / Québec,0,1,0,0,0,0,1,0,0,0,0
5350152.00,0152.00,535,Toronto,B,35535,35,Ontario,0,1,0,0,2,0,2,1,0,0,0
2050132.08,0132.08,205,Halifax,B,12205,12,Nova Scotia / Nouvelle-Écosse,0,0,0,0,2,0,1,0,0,0,0
8250077.02,0077.02,825,Calgary,B,48825,48,Alberta,0,1,0,0,0,0,2,0,0,0,0
9330403.04,0403.04,933,Vancouver,B,59933,59,British Columbia / Colombie-Britannique,0,0,0,0,0,1,1,1,0,0,0
7250012.01,0012.01,725,Saskatoon,B,47725,47,Saskatchewan,0,1,0,0,1,1,0,0,0,0,0
9150003.01,0003.01,915,Kelowna,B,59915,59,British Columbia / Colombie-Britannique,0,1,2,0,1,0,1,1,4,0,0
5050620.01,0620.01,505,Ottawa - Gatineau (partie du Québec / Quebec part),B,24505,24,Quebec / Québec,0,0,0,0,1,0,0,0,1,0,0
6020540.02,0540.02,602,Winnipeg,B,46602,46,Manitoba,0,1,0,0,3,1,1,0,1,0,0
9330185.15,0185.15,933,Vancouver,B,59933,59,British Columbia / Colombie-Britannique,0,6,1,0,5,2,1,1,1,0,0
8350104.18,0104.18,835,Edmonton,B,48835,48,Alberta,2,1,1,0,1,0,0,0,0,0,0
5900008.00,0008.00,590,Sault Ste. Marie,K,35590,35,Ontario,0,0,0,0,1,0,0,0,0,0,0
5050120.01,0120.01,505,Ottawa - Gatineau (Ontario part / partie de l'Ontario),B,35505,35,Ontario,0,0,2,0,0,0,0,0,0,0,0
8350090.07,0090.07,835,Edmonton,B,48835,48,Alberta,0,0,0,0,1,2,0,0,0,0,0
5320009.05,0009.05,532,Oshawa,B,35532,35,Ontario,0,0,0,0,0,0,1,0,0,0,0
5350225.02,0225.02,535,Toronto,B,35535,35,Ontario,0,1,1,0,0,1,0,0,0,0,0
5350411.12,0411.12,535,Toronto,B,35535,35,Ontario,0,0,0,0,0,0,0,0,0,0,0
8100008.00,0008.00,810,Lethbridge,K,48810,48,Alberta,3,3,3,0,4,2,1,0,4,0,0
4620643.02,0643.02,462,Montréal,B,24462,24,Quebec / Québec,1,13,3,0,4,1,2,5,2,0,0
9330147.04,0147.04,933,Vancouver,B,59933,59,British Columbia / Colombie-Britannique,0,1,0,0,0,0,0,0,0,0,0
5350075.00,0075.00,535,Toronto,B,35535,35,Ontario,0,3,0,0,2,1,0,1,0,0,0
5550002.01,0002.01,555,London,B,35555,35,Ontario,0,0,0,0,0,0,0,1,0,0,0
4620610.01,0610.01,462,Montréal,B,24462,24,Quebec / Québec,0,0,5,0,3,2,1,0,1,0,0
5350166.00,0166.00,535,Toronto,B,35535,35,Ontario,0,4,1,0,1,0,0,0,0,0,0
8250001.17,0001.17,825,Calgary,B,48825,48,Alberta,0,2,0,0,1,1,1,0,0,0,0
4500006.00,0006.00,450,Granby,K,24450,24,Quebec / Québec,0,5,2,1,4,0,0,1,1,0,0
5350378.28,0378.28,535,Toronto,B,35535,35,Ontario,1,0,0,0,1,0,0,0,0,0,0
4470001.01,0001.01,447,Drummondville,K,24447,24,Quebec / Québec,0,0,0,0,0,1,0,0,2,0,0
4620687.09,0687.09,462,Montréal,B,24462,24,Quebec / Québec,0,1,0,0,1,2,0,0,2,0,0
4420302.00,0302.00,442,Trois-Rivières,B,24442,24,Quebec / Québec,0,1,6,1,6,2,0,0,3,0,0
4210273.04,0273.04,421,Québec,B,24421,24,Quebec / Québec,0,2,2,0,4,1,1,0,0,0,0
5350207.00,0207.00,535,Toronto,B,35535,35,Ontario,0,1,0,1,0,0,0,0,0,0,0
5350805.09,0805.09,535,Toronto,B,35535,35,Ontario,0,1,0,0,0,0,0,0,0,0,0
9330400.06,0400.06,933,Vancouver,B,59933,59,British Columbia / Colombie-Britannique,0,0,0,0,0,0,1,0,0,0,0
4420100.02,0100.02,442,Trois-Rivières,B,24442,24,Quebec / Québec,0,1,4,0,2,0,0,1,3,0,0
5050130.01,0130.01,505,Ottawa - Gatineau (Ontario part / partie de l'Ontario),B,35505,35,Ontario,0,9,1,2,19,0,2,5,6,0,0
5370218.00,0218.00,537,Hamilton,B,35537,35,Ontario,0,3,0,0,3,2,1,0,0,0,0
5350001.00,0001.00,535,Toronto,B,35535,35,Ontario,1,1,0,1,4,0,0,1,1,0,0
5050822.02,0822.02,505,Ottawa - Gatineau (partie du Québec / Quebec part),B,24505,24,Quebec / Québec,0,0,0,1,3,0,0,0,3,0,0
4620089.00,0089.00,462,Montréal,B,24462,24,Quebec / Québec,0,0,0,0,2,2,1,0,0,0,0
4620431.00,0431.00,462,Montréal,B,24462,24,Quebec / Québec,0,0,0,0,1,2,1,0,2,0,0
4210035.00,0035.00,421,Québec,B,24421,24,Quebec / Québec,0,2,2,2,3,1,0,0,0,0,0
8250002.15,0002.15,825,Calgary,B,48825,48,Alberta,0,3,0,0,1,0,2,1,1,0,0
8250038.25,0038.25,825,Calgary,B,48825,48,Alberta,0,0,0,0,0,0,1,0,0,0,0
8250052.07,0052.07,825,Calgary,B,48825,48,Alberta,0,0,1,0,0,0,0,0,0,0,0
4620703.03,0703.03,462,Montréal,B,24462,24,Quebec / Québec,0,1,0,0,1,0,0,0,0,0,0
5350528.26,0528.26,535,Toronto,B,35535,35,Ontario,0,0,0,0,3,0,0,0,0,0,0
4330016.00,0016.00,433,Sherbrooke,B,24433,24,Quebec / Québec,0,1,2,0,1,0,1,1,0,0,0
5050160.06,0160.06,505,Ottawa - Gatineau (Ontario part / partie de l'Ontario),B,35505,35,Ontario,0,0,1,0,3,1,1,0,3,0,0
4620685.04,0685.04,462,Montréal,B,24462,24,Quebec / Québec,0,1,0,0,0,0,0,0,0,0,0
5220201.00,0201.00,522,Belleville,K,35522,35,Ontario,0,0,0,0,4,0,0,0,1,1,0
9350101.00,0101.00,935,Victoria,B,59935,59,British Columbia / Colombie-Britannique,0,1,1,0,2,0,0,0,2,0,0
3100025.01,0025.01,310,Saint John,B,13310,13,New Brunswick / Nouveau-Brunswick,0,1,0,0,2,1,0,0,3,0,0
5370207.02,0207.02,537,Hamilton,B,35537,35,Ontario,0,0,0,0,0,0,0,0,0,0,0
9330182.03,0182.03,933,Vancouver,B,59933,59,British Columbia / Colombie-Britannique,0,1,1,0,1,0,0,0,0,0,0
7250012.06,0012.06,725,Saskatoon,B,47725,47,Saskatchewan,0,4,0,0,0,0,0,1,0,0,0
5350109.00,0109.00,535,Toronto,B,35535,35,Ontario,0,0,0,0,4,2,1,0,0,0,0
4620176.00,0176.00,462,Montréal,B,24462,24,Quebec / Québec,0,1,0,0,3,0,0,0,0,0,0
4620432.00,0432.00,462,Montréal,B,24462,24,Quebec / Québec,0,0,1,0,0,0,0,0,0,0,0
9330110.03,0110.03,933,Vancouver,B,59933,59,British Columbia / Colombie-Britannique,0,0,0,0,1,0,0,0,2,0,0
2050006.00,0006.00,205,Halifax,B,12205,12,Nova Scotia / Nouvelle-Écosse,0,1,0,1,1,0,0,0,1,0,0
8100011.00,0011.00,810,Lethbridge,K,48810,48,Alberta,0,0,2,0,6,1,5,0,0,0,1
5350008.00,0008.00,535,Toronto,B,35535,35,Ontario,0,3,0,0,2,1,2,0,0,0,0
5550044.02,0044.02,555,London,B,35555,35,Ontario,0,2,0,0,0,0,0,0,0,0,0
8350078.02,0078.02,835,Edmonton,B,48835,48,Alberta,0,2,1,0,0,1,1,1,0,0,0
5350614.01,0614.01,535,Toronto,B,35535,35,Ontario,0,2,0,0,0,0,0,0,1,0,0
5370223.01,0223.01,537,Hamilton,B,35537,35,Ontario,0,0,0,0,2,0,1,0,0,0,0
4620677.09,0677.09,462,Montréal,B,24462,24,Quebec / Québec,0,0,1,0,1,1,0,0,0,0,0
5050505.00,0505.00,505,Ottawa - Gatineau (partie du Québec / Quebec part),B,24505,24,Quebec / Québec,0,6,2,0,5,0,0,1,1,0,0
5350562.13,0562.13,535,Toronto,B,35535,35,Ontario,0,3,0,0,4,1,0,1,1,0,0
5350527.04,0527.04,535,Toronto,B,35535,35,Ontario,0,1,0,0,0,0,0,0,0,0,0
4620259.00,0259.00,462,Montréal,B,24462,24,Quebec / Québec,0,1,0,0,2,1,0,1,0,0,1
4420212.00,0212.00,442,Trois-Rivières,B,24442,24,Quebec / Québec,0,0,2,0,1,1,0,0,1,0,0
5350139.00,0139.00,535,Toronto,B,35535,35,Ontario,0,5,0,0,2,0,1,0,0,0,0
8250007.02,0007.02,825,Calgary,B,48825,48,Alberta,0,1,0,0,0,1,1,0,0,0,0
5900003.00,0003.00,590,Sault Ste. Marie,K,35590,35,Ontario,0,0,1,0,6,0,1,2,3,0,0
5750004.00,0004.00,575,North Bay,K,35575,35,Ontario,0,1,0,0,2,1,1,1,1,0,0
4210271.01,0271.01,421,Québec,B,24421,24,Quebec / Québec,0,1,0,0,2,0,1,0,0,0,0
4620325.02,0325.02,462,Montréal,B,24462,24,Quebec / Québec,1,0,2,0,1,3,0,0,0,0,1
5900010.00,0010.00,590,Sault Ste. Marie,K,35590,35,Ontario,0,0,0,0,0,1,0,0,0,0,0
5550120.03,0120.03,555,London,B,35555,35,Ontario,0,0,3,1,1,1,1,1,2,0,0
4620062.00,0062.00,462,Montréal,B,24462,24,Quebec / Québec,0,57,1,7,47,12,3,16,15,0,0
5350314.02,0314.02,535,Toronto,B,35535,35,Ontario,0,0,0,0,0,0,0,0,0,0,0
4620256.00,0256.00,462,Montréal,B,24462,24,Quebec / Québec,0,0,0,1,2,2,0,0,0,0,0
0010301.01,0301.01,001,St. John's,B,10001,10,Newfoundland and Labrador / Terre-Neuve-et-Labrador,0,1,3,1,2,1,2,1,1,0,0
5320015.02,0015.02,532,Oshawa,B,35532,35,Ontario,1,1,1,1,2,0,0,0,0,0,1
5350411.17,0411.17,535,Toronto,B,35535,35,Ontario,0,0,0,0,0,0,0,0,0,0,0
4620903.05,0903.05,462,Montréal,B,24462,24,Quebec / Québec,0,0,0,0,0,0,0,1,0,0,0
8250001.08,0001.08,825,Calgary,B,48825,48,Alberta,1,3,0,0,1,1,2,1,0,0,0
5410024.00,0024.00,541,Kitchener - Cambridge - Waterloo,B,35541,35,Ontario,0,1,1,0,4,1,0,0,1,0,0
8350153.00,0153.00,835,Edmonton,B,48835,48,Alberta,1,8,0,2,18,3,14,4,21,0,0
5350516.32,0516.32,535,Toronto,B,35535,35,Ontario,0,0,0,0,0,0,0,0,0,0,0
4080160.00,0160.00,408,Saguenay,B,24408,24,Quebec / Québec,1,3,4,0,8,3,0,0,6,0,0
4620500.00,0500.00,462,Montréal,B,24462,24,Quebec / Québec,0,0,0,0,0,0,0,0,0,0,0
7250002.01,0002.01,725,Saskatoon,B,47725,47,Saskatchewan,0,0,0,0,1,0,0,0,0,0,0
5410120.02,0120.02,541,Kitchener - Cambridge - Waterloo,B,35541,35,Ontario,0,0,0,1,0,0,0,0,0,0,0
5350194.04,0194.04,535,Toronto,B,35535,35,Ontario,0,1,0,1,10,0,0,0,0,0,1
9330281.01,0281.01,933,Vancouver,B,59933,59,British Columbia / Colombie-Britannique,0,0,0,0,0,0,1,0,1,0,0
5350190.02,0190.02,535,Toronto,B,35535,35,Ontario,0,0,0,0,1,1,0,1,0,0,0
9320008.04,0008.04,932,Abbotsford - Mission,B,59932,59,British Columbia / Colombie-Britannique,0,0,0,0,0,0,0,0,0,0,0
5350302.01,0302.01,535,Toronto,B,35535,35,Ontario,0,0,0,0,1,0,0,0,0,0,0
5350451.01,0451.01,535,Toronto,B,35535,35,Ontario,0,0,0,0,1,0,0,0,0,0,0
5590009.00,0009.00,559,Windsor,B,35559,35,Ontario,1,1,1,0,6,1,0,0,2,0,0
4470104.00,0104.00,447,Drummondville,K,24447,24,Quebec / Québec,0,0,0,0,0,0,0,0,0,0,0
9330504.08,0504.08,933,Vancouver,B,59933,59,British Columbia / Colombie-Britannique,0,0,0,0,0,0,0,0,0,0,0
5350576.43,0576.43,535,Toronto,B,35535,35,Ontario,0,0,0,0,0,0,0,0,0,0,0
8350090.18,0090.18,835,Edmonton,B,48835,48,Alberta,0,1,0,0,1,0,0,0,0,0,0
8350078.01,0078.01,835,Edmonton,B,48835,48,Alberta,0,0,0,0,1,1,1,0,0,0,0
3100023.00,0023.00,310,Saint John,B,13310,13,New Brunswick / Nouveau-Brunswick,0,0,0,0,1,0,0,0,0,0,0
5350373.00,0373.00,535,Toronto,B,35535,35,Ontario,0,1,0,0,1,0,0,2,0,0,1
9330286.02,0286.02,933,Vancouver,B,59933,59,British Columbia / Colombie-Britannique,0,0,0,0,0,0,0,0,0,0,0
9330009.00,0009.00,933,Vancouver,B,59933,59,British Columbia / Colombie-Britannique,0,5,0,0,4,0,0,0,0,0,0
5350378.06,0378.06,535,Toronto,B,35535,35,Ontario,0,0,0,0,2,0,0,0,0,0,0
8050012.01,0012.01,805,Medicine Hat,K,48805,48,Alberta,0,1,0,0,0,1,1,0,0,0,0
4620904.05,0904.05,462,Montréal,B,24462,24,Quebec / Québec,0,1,1,0,4,0,0,0,0,0,0
9700015.00,0015.00,970,Prince George,K,59970,59,British Columbia / Colombie-Britannique,0,1,2,0,3,1,3,1,3,0,0
5050120.02,0120.02,505,Ottawa - Gatineau (Ontario part / partie de l'Ontario),B,35505,35,Ontario,0,7,1,0,5,0,0,1,0,0,0
5410111.04,0111.04,541,Kitchener - Cambridge - Waterloo,B,35541,35,Ontario,0,3,3,0,3,1,2,0,1,0,0
5550038.00,0038.00,555,London,B,35555,35,Ontario,0,0,0,0,3,1,0,0,0,0,0
8250038.30,0038.30,825,Calgary,B,48825,48,Alberta,0,0,0,0,2,0,1,0,0,0,0
4620740.01,0740.01,462,Montréal,B,24462,24,Quebec / Québec,0,0,0,0,0,0,0,0,2,0,0
5350165.00,0165.00,535,Toronto,B,35535,35,Ontario,0,1,0,0,0,0,0,0,0,0,0
5350516.39,0516.39,535,Toronto,B,35535,35,Ontario,0,0,0,0,1,0,2,0,0,0,0
4620643.03,0643.03,462,Montréal,B,24462,24,Quebec / Québec,0,1,0,0,1,3,1,4,2,0,0
0010007.00,0007.00,001,St. John's,B,10001,10,Newfoundland and Labrador / Terre-Neuve-et-Labrador,0,30,0,9,24,10,0,2,24,0,1
5350230.01,0230.01,535,Toronto,B,35535,35,Ontario,0,2,0,0,1,0,0,0,0,0,0
7050016.00,0016.00,705,Regina,B,47705,47,Saskatchewan,0,0,0,0,1,1,0,1,2,0,0
5350317.05,0317.05,535,Toronto,B,35535,35,Ontario,0,0,0,0,0,0,0,0,0,0,0
5370069.00,0069.00,537,Hamilton,B,35537,35,Ontario,0,0,0,0,0,0,0,0,0,0,0
4620730.01,0730.01,462,Montréal,B,24462,24,Quebec / Québec,0,0,1,0,0,3,1,0,0,0,0
8250050.06,0050.06,825,Calgary,B,48825,48,Alberta,0,0,1,0,0,1,1,0,1,0,0
2050012.00,0012.00,205,Halifax,B,12205,12,Nova Scotia / Nouvelle-Écosse,0,3,0,0,0,0,0,0,3,0,0
4210320.05,0320.05,421,Québec,B,24421,24,Quebec / Québec,0,0,2,0,0,0,0,0,0,0,0
5050140.07,0140.07,505,Ottawa - Gatineau (Ontario part / partie de l'Ontario),B,35505,35,Ontario,0,1,1,0,3,0,0,0,0,0,0
5050180.02,0180.02,505,Ottawa - Gatineau (Ontario part / partie de l'Ontario),B,35505,35,Ontario,1,2,1,0,1,0,2,0,0,0,0
4210600.03,0600.03,421,Québec,B,24421,24,Quebec / Québec,0,0,1,1,1,1,0,0,0,0,0
5350351.02,0351.02,535,Toronto,B,35535,35,Ontario,1,0,0,0,0,0,0,0,0,0,1
4470005.00,0005.00,447,Drummondville,K,24447,24,Quebec / Québec,0,0,1,0,3,2,0,0,1,0,0
4210850.02,0850.02,421,Québec,B,24421,24,Quebec / Québec,0,1,1,0,1,1,0,0,0,0,0
5050036.00,0036.00,505,Ottawa - Gatineau (Ontario part / partie de l'Ontario),B,35505,35,Ontario,0,7,3,2,1,1,3,0,1,0,0
5390242.02,0242.02,539,St. Catharines - Niagara,B,35539,35,Ontario,0,0,2,0,0,1,0,0,1,0,0
5350250.02,0250.02,535,Toronto,B,35535,35,Ontario,0,5,0,0,2,0,0,1,0,0,1
5350830.00,0830.00,535,Toronto,B,35535,35,Ontario,0,0,0,0,2,0,0,0,2,0,0
9330210.00,0210.00,933,Vancouver,B,59933,59,British Columbia / Colombie-Britannique,1,0,1,0,3,1,1,0,2,0,1
2050008.00,0008.00,205,Halifax,B,12205,12,Nova Scotia / Nouvelle-Écosse,1,17,0,2,12,11,4,1,7,0,1
4590002.00,0002.00,459,Saint-Jean-sur-Richelieu,K,24459,24,Quebec / Québec,0,0,0,0,2,0,0,0,0,0,0
6020540.03,0540.03,602,Winnipeg,B,46602,46,Manitoba,0,1,2,0,4,0,0,0,0,0,0
9330046.00,0046.00,933,Vancouver,B,59933,59,British Columbia / Colombie-Britannique,0,2,0,0,6,1,3,0,2,0,0
3200002.00,0002.00,320,Fredericton,K,13320,13,New Brunswick / Nouveau-Brunswick,0,9,0,1,7,1,0,0,6,1,1
5350182.00,0182.00,535,Toronto,B,35535,35,Ontario,2,1,0,0,2,0,1,0,0,0,0
8250042.00,0042.00,825,Calgary,B,48825,48,Alberta,5,10,4,1,32,4,2,2,5,0,0
9330182.05,0182.05,933,Vancouver,B,59933,59,British Columbia / Colombie-Britannique,0,0,0,0,1,0,0,0,0,0,0
5350243.01,0243.01,535,Toronto,B,35535,35,Ontario,0,0,1,0,2,0,0,0,0,0,0
4621004.00,1004.00,462,Montréal,B,24462,24,Quebec / Québec,0,0,1,0,0,2,0,0,1,0,0
5350378.16,0378.16,535,Toronto,B,35535,35,Ontario,0,0,0,0,0,0,0,0,0,0,0
9700023.00,0023.00,970,Prince George,K,59970,59,British Columbia / Colombie-Britannique,0,0,0,0,1,0,2,0,1,0,0
5390331.02,0331.02,539,St. Catharines - Niagara,B,35539,35,Ontario,0,1,0,0,3,0,2,1,4,0,0
5500009.06,0009.06,550,Guelph,B,35550,35,Ontario,0,0,0,0,1,0,0,0,0,0,0
8350090.19,0090.19,835,Edmonton,B,48835,48,Alberta,0,0,0,0,1,0,0,0,0,0,0
2050111.00,0111.00,205,Halifax,B,12205,12,Nova Scotia / Nouvelle-Écosse,0,2,0,0,1,2,0,2,1,0,0
5410108.03,0108.03,541,Kitchener - Cambridge - Waterloo,B,35541,35,Ontario,1,2,0,0,5,0,2,2,0,0,0
9330059.06,0059.06,933,Vancouver,B,59933,59,British Columbia / Colombie-Britannique,0,31,2,6,50,21,0,4,20,4,0
4620827.02,0827.02,462,Montréal,B,24462,24,Quebec / Québec,0,3,3,0,7,0,1,0,0,1,0
9380016.00,0016.00,938,Nanaimo,K,59938,59,British Columbia / Colombie-Britannique,0,0,0,0,3,1,0,0,0,0,1
8350002.03,0002.03,835,Edmonton,B,48835,48,Alberta,0,0,0,0,0,0,0,0,0,0,1
8350006.14,0006.14,835,Edmonton,B,48835,48,Alberta,0,1,2,0,1,2,2,2,3,0,0
5680015.02,0015.02,568,Barrie,B,35568,35,Ontario,0,0,1,0,0,0,0,0,1,0,1
5370023.00,0023.00,537,Hamilton,B,35537,35,Ontario,0,0,0,0,0,1,1,0,0,0,0
5350262.02,0262.02,535,Toronto,B,35535,35,Ontario,0,1,0,0,4,0,1,0,0,0,0
5370224.00,0224.00,537,Hamilton,B,35537,35,Ontario,0,1,0,1,0,0,0,1,1,0,0
3200009.00,0009.00,320,Fredericton,K,13320,13,New Brunswick / Nouveau-Brunswick,0,0,1,0,1,0,0,0,0,0,0
8350052.01,0052.01,835,Edmonton,B,48835,48,Alberta,2,1,0,0,3,0,1,2,0,0,0
5350521.02,0521.02,535,Toronto,B,35535,35,Ontario,0,0,0,0,0,0,0,0,0,0,0
8350166.00,0166.00,835,Edmonton,B,48835,48,Alberta,1,2,2,0,4,0,2,0,6,0,0
5350611.00,0611.00,535,Toronto,B,35535,35,Ontario,0,1,0,0,0,0,0,1,2,0,0
9330221.04,0221.04,933,Vancouver,B,59933,59,British Columbia / Colombie-Britannique,1,0,0,0,0,0,0,0,1,0,2
5370141.00,0141.00,537,Hamilton,B,35537,35,Ontario,0,0,0,0,3,0,0,0,1,0,0
5350512.00,0512.00,535,Toronto,B,35535,35,Ontario,0,4,2,0,4,0,0,2,0,0,1
4620725.07,0725.07,462,Montréal,B,24462,24,Quebec / Québec,0,0,0,0,0,0,0,0,0,0,0
5350206.02,0206.02,535,Toronto,B,35535,35,Ontario,0,3,1,0,2,0,0,1,0,0,0
5210113.01,0113.01,521,Kingston,B,35521,35,Ontario,0,8,1,2,5,0,2,2,7,0,0
4620625.01,0625.01,462,Montréal,B,24462,24,Quebec / Québec,0,0,1,0,3,0,0,0,0,0,0
9330069.00,0069.00,933,Vancouver,B,59933,59,British Columbia / Colombie-Britannique,1,1,1,1,3,3,0,0,0,1,0
5350013.00,0013.00,535,Toronto,B,35535,35,Ontario,0,9,1,1,9,0,2,4,5,0,0
8250202.00,0202.00,825,Calgary,B,48825,48,Alberta,0,3,2,0,4,0,3,0,2,0,0
4210113.01,0113.01,421,Québec,B,24421,24,Quebec / Québec,0,4,1,0,4,0,2,1,0,0,0
5800193.01,0193.01,580,Greater Sudbury / Grand Sudbury,B,35580,35,Ontario,1,2,0,0,3,1,1,0,0,0,0
5350111.00,0111.00,535,Toronto,B,35535,35,Ontario,0,0,0,0,0,0,0,0,0,0,0
4620234.00,0234.00,462,Montréal,B,24462,24,Quebec / Québec,0,0,0,0,1,2,0,0,0,0,0
5350521.01,0521.01,535,Toronto,B,35535,35,Ontario,0,0,0,0,0,0,0,0,0,0,0
4620886.01,0886.01,462,Montréal,B,24462,24,Quebec / Québec,0,1,0,0,5,0,0,1,2,0,0
4620686.02,0686.02,462,Montréal,B,24462,24,Quebec / Québec,0,0,1,0,0,0,0,0,0,0,0
5350520.10,0520.10,535,Toronto,B,35535,35,Ontario,0,3,0,0,0,0,0,1,0,0,0
8050002.00,0002.00,805,Medicine Hat,K,48805,48,Alberta,0,0,0,0,0,2,0,0,3,0,0
5370010.00,0010.00,537,Hamilton,B,35537,35,Ontario,0,0,0,0,0,0,0,0,0,0,0
5350285.00,0285.00,535,Toronto,B,35535,35,Ontario,0,0,0,0,0,0,0,0,0,0,0
5350576.48,0576.48,535,Toronto,B,35535,35,Ontario,0,0,0,0,0,0,0,0,0,0,0
8350053.00,0053.00,835,Edmonton,B,48835,48,Alberta,1,2,0,0,6,1,2,1,0,0,0
5350077.00,0077.00,535,Toronto,B,35535,35,Ontario,0,1,0,0,2,0,0,0,0,0,0
9330056.01,0056.01,933,Vancouver,B,59933,59,British Columbia / Colombie-Britannique,0,1,0,0,11,1,1,1,2,0,0
5050903.00,0903.00,505,Ottawa - Gatineau (partie du Québec / Quebec part),B,24505,24,Quebec / Québec,0,0,0,0,2,0,0,0,1,0,0
5050182.00,0182.00,505,Ottawa - Gatineau (Ontario part / partie de l'Ontario),B,35505,35,Ontario,0,0,0,0,0,0,0,0,1,0,0
8350024.01,0024.01,835,Edmonton,B,48835,48,Alberta,0,1,0,0,1,0,0,0,0,0,0
4620015.00,0015.00,462,Montréal,B,24462,24,Quebec / Québec,0,1,1,1,2,0,0,0,0,0,0
5350296.00,0296.00,535,Toronto,B,35535,35,Ontario,0,0,0,0,1,0,0,0,0,0,0
4420205.02,0205.02,442,Trois-Rivières,B,24442,24,Quebec / Québec,0,0,4,1,0,1,0,3,0,0,0
4210041.08,0041.08,421,Québec,B,24421,24,Quebec / Québec,0,1,0,0,0,1,0,0,0,0,0
9330229.00,0229.00,933,Vancouver,B,59933,59,British Columbia / Colombie-Britannique,2,2,2,0,8,0,0,0,3,0,0
4620875.00,0875.00,462,Montréal,B,24462,24,Quebec / Québec,0,1,0,0,0,0,1,0,0,0,0
5590012.00,0012.00,559,Windsor,B,35559,35,Ontario,1,10,1,1,8,0,3,0,6,0,1
9330035.02,0035.02,933,Vancouver,B,59933,59,British Columbia / Colombie-Britannique,1,0,1,0,6,0,0,0,0,0,0
6020510.03,0510.03,602,Winnipeg,B,46602,46,Manitoba,0,0,2,0,3,0,2,0,0,0,0
4620929.01,0929.01,462,Montréal,B,24462,24,Quebec / Québec,0,0,0,0,0,0,0,0,0,0,0
5410001.03,0001.03,541,Kitchener - Cambridge - Waterloo,B,35541,35,Ontario,0,1,0,0,1,0,0,0,0,0,0
8350033.02,0033.02,835,Edmonton,B,48835,48,Alberta,0,5,1,0,6,1,1,0,5,0,0
5350516.04,0516.04,535,Toronto,B,35535,35,Ontario,0,0,0,0,1,0,0,0,0,0,0
8350104.24,0104.24,835,Edmonton,B,48835,48,Alberta,2,0,0,0,2,0,1,0,0,0,0
8350075.12,0075.12,835,Edmonton,B,48835,48,Alberta,0,0,0,0,2,1,0,3,0,0,0
5500005.00,0005.00,550,Guelph,B,35550,35,Ontario,0,0,0,1,1,0,1,0,0,0,0
5210104.00,0104.00,521,Kingston,B,35521,35,Ontario,0,0,0,0,1,0,0,0,1,0,0
5350576.18,0576.18,535,Toronto,B,35535,35,Ontario,0,0,0,0,0,0,0,0,0,0,0
4620004.00,0004.00,462,Montréal,B,24462,24,Quebec / Québec,0,2,2,0,6,3,0,0,0,0,0
5350306.01,0306.01,535,Toronto,B,35535,35,Ontario,0,1,0,0,0,0,0,0,0,1,0
5350472.00,0472.00,535,Toronto,B,35535,35,Ontario,0,0,1,0,0,0,0,0,0,0,0
5320102.02,0102.02,532,Oshawa,B,35532,35,Ontario,1,5,0,1,2,2,0,0,0,0,0
5350620.05,0620.05,535,Toronto,B,35535,35,Ontario,0,0,0,0,0,0,0,0,0,0,0
4210111.00,0111.00,421,Québec,B,24421,24,Quebec / Québec,0,6,2,0,2,0,0,1,9,0,0
4620706.00,0706.00,462,Montréal,B,24462,24,Quebec / Québec,0,0,3,0,1,1,0,0,0,0,0
8350051.01,0051.01,835,Edmonton,B,48835,48,Alberta,0,2,0,0,0,1,0,1,0,0,0
4620826.11,0826.11,462,Montréal,B,24462,24,Quebec / Québec,0,0,1,0,4,1,0,1,1,0,0
5350562.02,0562.02,535,Toronto,B,35535,35,Ontario,0,0,0,0,1,0,0,0,0,0,0
0010005.02,0005.02,001,St. John's,B,10001,10,Newfoundland and Labrador / Terre-Neuve-et-Labrador,0,2,0,0,4,1,1,0,0,0,0
4590200.00,0200.00,459,Saint-Jean-sur-Richelieu,K,24459,24,Quebec / Québec,0,1,0,0,0,1,0,0,0,0,0
5350528.43,0528.43,535,Toronto,B,35535,35,Ontario,0,1,2,0,0,0,0,0,0,0,0
2050021.00,0021.00,205,Halifax,B,12205,12,Nova Scotia / Nouvelle-Écosse,0,0,0,0,3,0,0,1,0,0,0
5350126.00,0126.00,535,Toronto,B,35535,35,Ontario,0,3,0,0,1,1,0,0,0,0,0
5370142.02,0142.02,537,Hamilton,B,35537,35,Ontario,0,0,1,0,1,0,0,0,0,0,0
5390017.02,0017.02,539,St. Catharines - Niagara,B,35539,35,Ontario,0,0,0,0,0,0,0,0,0,0,0
5350322.01,0322.01,535,Toronto,B,35535,35,Ontario,0,5,0,0,0,0,0,0,0,0,0
4210116.00,0116.00,421,Québec,B,24421,24,Quebec / Québec,0,2,6,0,10,7,0,1,3,2,0
9350102.00,0102.00,935,Victoria,B,59935,59,British Columbia / Colombie-Britannique,0,3,3,0,1,1,1,1,0,0,0
4620611.01,0611.01,462,Montréal,B,24462,24,Quebec / Québec,0,1,0,0,2,1,0,0,0,0,0
7050004.00,0004.00,705,Regina,B,47705,47,Saskatchewan,0,0,0,0,1,0,0,0,0,0,0
8350009.00,0009.00,835,Edmonton,B,48835,48,Alberta,1,1,2,0,0,0,0,0,0,0,0
5550234.00,0234.00,555,London,B,35555,35,Ontario,1,0,2,0,3,0,0,1,0,0,0
4330110.06,0110.06,433,Sherbrooke,B,24433,24,Quebec / Québec,0,0,0,0,1,1,1,2,1,0,0
7250001.00,0001.00,725,Saskatoon,B,47725,47,Saskatchewan,0,2,1,1,4,0,1,0,0,0,0
4620929.02,0929.02,462,Montréal,B,24462,24,Quebec / Québec,0,0,0,0,1,0,0,0,0,0,0
5320006.00,0006.00,532,Oshawa,B,35532,35,Ontario,0,0,1,0,3,3,1,0,1,0,1
4620052.00,0052.00,462,Montréal,B,24462,24,Quebec / Québec,0,2,0,0,5,1,0,0,19,0,0
4620055.02,0055.02,462,Montréal,B,24462,24,Quebec / Québec,0,0,0,1,2,0,0,0,1,0,0
4620083.00,0083.00,462,Montréal,B,24462,24,Quebec / Québec,0,1,0,0,2,3,0,0,0,0,0
4500002.00,0002.00,450,Granby,K,24450,24,Quebec / Québec,0,0,0,0,0,1,0,0,0,0,0
4620038.00,0038.00,462,Montréal,B,24462,24,Quebec / Québec,0,0,0,0,2,0,0,0,0,0,0
5350516.17,0516.17,535,Toronto,B,35535,35,Ontario,0,0,1,0,0,0,0,0,0,0,0
4620084.00,0084.00,462,Montréal,B,24462,24,Quebec / Québec,1,0,1,0,4,0,1,0,0,0,0
4330001.00,0001.00,433,Sherbrooke,B,24433,24,Quebec / Québec,2,0,2,0,7,0,0,0,0,0,0
5370020.00,0020.00,537,Hamilton,B,35537,35,Ontario,0,0,1,0,4,0,0,1,0,0,0
9350153.00,0153.00,935,Victoria,B,59935,59,British Columbia / Colombie-Britannique,0,0,1,0,1,1,0,0,1,0,0
4210170.06,0170.06,421,Québec,B,24421,24,Quebec / Québec,0,0,0,0,0,1,0,0,0,0,0
4590014.00,0014.00,459,Saint-Jean-sur-Richelieu,K,24459,24,Quebec / Québec,0,0,1,0,2,0,1,0,1,0,0
9330190.05,0190.05,933,Vancouver,B,59933,59,British Columbia / Colombie-Britannique,0,0,0,0,2,0,0,1,0,0,1
8350006.06,0006.06,835,Edmonton,B,48835,48,Alberta,1,1,0,0,0,0,3,2,0,0,1
5680014.00,0014.00,568,Barrie,B,35568,35,Ontario,0,1,1,0,1,0,0,0,1,0,0
4620611.02,0611.02,462,Montréal,B,24462,24,Quebec / Québec,0,0,0,0,4,0,0,0,0,0,0
4620725.06,0725.06,462,Montréal,B,24462,24,Quebec / Québec,0,0,0,0,0,0,1,1,0,0,0
3100131.00,0131.00,310,Saint John,B,13310,13,New Brunswick / Nouveau-Brunswick,0,1,0,0,2,0,0,0,8,0,0
5050821.01,0821.01,505,Ottawa - Gatineau (partie du Québec / Quebec part),B,24505,24,Quebec / Québec,0,0,0,0,1,0,0,0,0,0,0
4590003.00,0003.00,459,Saint-Jean-sur-Richelieu,K,24459,24,Quebec / Québec,0,0,0,0,0,0,0,0,0,0,0
4210101.00,0101.00,421,Québec,B,24421,24,Quebec / Québec,0,3,1,0,2,0,2,0,1,1,0
5320001.00,0001.00,532,Oshawa,B,35532,35,Ontario,0,0,0,2,9,0,1,2,0,0,1
5350227.00,0227.00,535,Toronto,B,35535,35,Ontario,0,1,0,0,1,0,0,0,0,0,0
4620726.03,0726.03,462,Montréal,B,24462,24,Quebec / Québec,0,0,0,0,0,0,1,1,0,0,0
6020052.00,0052.00,602,Winnipeg,B,46602,46,Manitoba,0,0,0,0,0,0,0,0,0,0,0
5350531.02,0531.02,535,Toronto,B,35535,35,Ontario,0,0,0,0,1,0,0,0,0,0,0
5320201.01,0201.01,532,Oshawa,B,35532,35,Ontario,0,2,0,0,0,0,0,0,0,0,0
4620047.00,0047.00,462,Montréal,B,24462,24,Quebec / Québec,0,0,0,0,0,0,0,0,0,0,0
5900018.01,0018.01,590,Sault Ste. Marie,K,35590,35,Ontario,0,0,0,0,2,2,1,0,1,0,0
4620025.00,0025.00,462,Montréal,B,24462,24,Quebec / Québec,1,1,1,0,5,0,1,0,0,0,1
5350232.00,0232.00,535,Toronto,B,35535,35,Ontario,0,1,0,0,1,0,1,0,0,0,0
4620177.00,0177.00,462,Montréal,B,24462,24,Quebec / Québec,0,0,0,0,1,1,0,0,0,0,0
5350518.00,0518.00,535,Toronto,B,35535,35,Ontario,0,0,0,0,0,1,2,0,0,0,0
8250063.00,0063.00,825,Calgary,B,48825,48,Alberta,0,4,1,0,3,2,1,1,1,0,0
5050139.00,0139.00,505,Ottawa - Gatineau (Ontario part / partie de l'Ontario),B,35505,35,Ontario,0,1,0,0,2,0,0,0,0,0,0
4620290.01,0290.01,462,Montréal,B,24462,24,Quebec / Québec,0,1,1,0,3,1,0,0,0,0,0
4620580.02,0580.02,462,Montréal,B,24462,24,Quebec / Québec,0,1,0,0,1,0,0,0,0,0,0
8250017.05,0017.05,825,Calgary,B,48825,48,Alberta,0,1,0,0,0,1,1,0,0,0,0
9320002.00,0002.00,932,Abbotsford - Mission,B,59932,59,British Columbia / Colombie-Britannique,0,1,0,0,2,0,1,0,0,0,0
5350170.00,0170.00,535,Toronto,B,35535,35,Ontario,0,4,0,1,7,1,0,1,0,0,0
5350420.03,0420.03,535,Toronto,B,35535,35,Ontario,0,0,0,0,0,0,0,0,0,0,0
5800190.00,0190.00,580,Greater Sudbury / Grand Sudbury,B,35580,35,Ontario,0,0,0,0,0,0,0,0,0,0,0
5050501.00,0501.00,505,Ottawa - Gatineau (partie du Québec / Quebec part),B,24505,24,Quebec / Québec,0,7,0,1,5,6,2,0,0,1,0
6020521.01,0521.01,602,Winnipeg,B,46602,46,Manitoba,0,1,0,0,1,0,0,0,0,0,0
6020001.00,0001.00,602,Winnipeg,B,46602,46,Manitoba,1,0,0,0,1,0,0,1,0,0,0
5350324.05,0324.05,535,Toronto,B,35535,35,Ontario,0,0,0,0,1,0,0,0,1,0,0
9330185.17,0185.17,933,Vancouver,B,59933,59,British Columbia / Colombie-Britannique,0,0,0,0,1,0,0,0,0,0,1
5320105.09,0105.09,532,Oshawa,B,35532,35,Ontario,0,0,0,0,0,0,0,0,0,0,0
4470015.00,0015.00,447,Drummondville,K,24447,24,Quebec / Québec,0,0,0,0,2,0,0,0,2,0,0
8250038.27,0038.27,825,Calgary,B,48825,48,Alberta,0,0,0,0,2,0,2,0,0,0,0
5370019.00,0019.00,537,Hamilton,B,35537,35,Ontario,0,3,1,0,0,1,0,0,2,0,0
5800140.00,0140.00,580,Greater Sudbury / Grand Sudbury,B,35580,35,Ontario,0,0,0,0,1,0,1,0,2,0,0
4620108.00,0108.00,462,Montréal,B,24462,24,Quebec / Québec,0,0,2,0,3,1,0,1,1,0,0
6020161.00,0161.00,602,Winnipeg,B,46602,46,Manitoba,0,1,0,1,6,0,1,0,2,0,0
4080007.00,0007.00,408,Saguenay,B,24408,24,Quebec / Québec,0,0,0,0,4,2,0,0,0,0,0
6020142.02,0142.02,602,Winnipeg,B,46602,46,Manitoba,0,0,0,0,0,0,0,0,0,0,0
5050151.07,0151.07,505,Ottawa - Gatineau (Ontario part / partie de l'Ontario),B,35505,35,Ontario,0,1,0,0,0,0,1,0,0,0,0
4330111.07,0111.07,433,Sherbrooke,B,24433,24,Quebec / Québec,0,0,4,0,0,1,0,0,1,0,0
5320105.12,0105.12,532,Oshawa,B,35532,35,Ontario,0,0,0,0,0,0,0,0,0,0,0
5350172.00,0172.00,535,Toronto,B,35535,35,Ontario,0,1,0,0,1,0,0,0,0,0,0
4330113.01,0113.01,433,Sherbrooke,B,24433,24,Quebec / Québec,0,0,0,1,1,1,0,0,0,0,0
9700103.00,0103.00,970,Prince George,K,59970,59,British Columbia / Colombie-Britannique,0,1,0,0,3,0,0,0,1,0,0
4620704.09,0704.09,462,Montréal,B,24462,24,Quebec / Québec,0,0,0,0,0,0,1,0,0,0,0
4620415.04,0415.04,462,Montréal,B,24462,24,Quebec / Québec,0,1,2,0,1,0,0,0,0,0,0
5370001.07,0001.07,537,Hamilton,B,35537,35,Ontario,0,0,0,0,0,0,0,0,0,0,0
5050509.00,0509.00,505,Ottawa - Gatineau (partie du Québec / Quebec part),B,24505,24,Quebec / Québec,0,1,1,0,2,1,0,1,1,0,0
5590014.00,0014.00,559,Windsor,B,35559,35,Ontario,0,1,0,0,0,0,0,1,0,0,0
9150005.00,0005.00,915,Kelowna,B,59915,59,British Columbia / Colombie-Britannique,0,0,0,0,0,2,0,0,0,0,0
4620869.00,0869.00,462,Montréal,B,24462,24,Quebec / Québec,0,1,2,0,0,0,0,1,0,0,0
5220007.00,0007.00,522,Belleville,K,35522,35,Ontario,1,1,3,0,2,0,0,1,1,0,0
8350004.01,0004.01,835,Edmonton,B,48835,48,Alberta,0,0,0,1,0,0,0,0,0,0,0
5290011.00,0011.00,529,Peterborough,B,35529,35,Ontario,0,0,0,0,2,0,0,0,0,0,0
5050508.00,0508.00,505,Ottawa - Gatineau (partie du Québec / Quebec part),B,24505,24,Quebec / Québec,0,1,0,1,3,0,1,1,2,0,0
4620413.01,0413.01,462,Montréal,B,24462,24,Quebec / Québec,0,0,0,0,0,0,0,0,0,0,0
5350114.00,0114.00,535,Toronto,B,35535,35,Ontario,0,6,1,0,3,1,0,0,0,0,1
9250010.00,0010.00,925,Kamloops,K,59925,59,British Columbia / Colombie-Britannique,0,10,0,0,4,0,0,1,7,0,0
4620520.04,0520.04,462,Montréal,B,24462,24,Quebec / Québec,0,1,0,0,1,0,1,2,0,0,0
5350528.20,0528.20,535,Toronto,B,35535,35,Ontario,0,7,0,0,3,0,0,1,0,0,0
8250002.23,0002.23,825,Calgary,B,48825,48,Alberta,0,0,0,0,1,1,0,0,0,0,0
9330187.15,0187.15,933,Vancouver,B,59933,59,British Columbia / Colombie-Britannique,0,0,0,0,0,0,0,0,0,0,0
5410107.01,0107.01,541,Kitchener - Cambridge - Waterloo,B,35541,35,Ontario,0,1,1,0,0,0,0,0,0,0,0
5350514.01,0514.01,535,Toronto,B,35535,35,Ontario,0,0,0,0,0,0,0,0,0,0,0
3100130.01,0130.01,310,Saint John,B,13310,13,New Brunswick / Nouveau-Brunswick,0,5,2,0,4,1,0,0,3,0,0
9700102.00,0102.00,970,Prince George,K,59970,59,British Columbia / Colombie-Britannique,0,0,0,0,1,0,0,0,0,0,0
6020580.00,0580.00,602,Winnipeg,B,46602,46,Manitoba,0,0,0,0,2,0,0,0,1,0,0
4620604.05,0604.05,462,Montréal,B,24462,24,Quebec / Québec,0,0,0,0,2,0,0,0,0,0,0
4620659.09,0659.09,462,Montréal,B,24462,24,Quebec / Québec,0,1,0,0,0,0,0,0,0,0,0
5950010.01,0010.01,595,Thunder Bay,B,35595,35,Ontario,2,10,0,3,24,0,3,1,4,0,0
5220403.00,0403.00,522,Belleville,K,35522,35,Ontario,1,1,0,0,1,0,0,0,0,0,0
9250007.00,0007.00,925,Kamloops,K,59925,59,British Columbia / Colombie-Britannique,0,0,1,2,8,1,2,2,1,0,0
5350378.25,0378.25,535,Toronto,B,35535,35,Ontario,1,3,0,0,2,0,0,0,0,0,0
2050025.02,0025.02,205,Halifax,B,12205,12,Nova Scotia / Nouvelle-Écosse,0,0,0,0,2,0,0,1,3,0,0
4470011.00,0011.00,447,Drummondville,K,24447,24,Quebec / Québec,0,0,1,0,2,1,0,0,0,0,0
4330200.00,0200.00,433,Sherbrooke,B,24433,24,Quebec / Québec,0,0,1,0,4,1,0,1,15,0,0
5350400.04,0400.04,535,Toronto,B,35535,35,Ontario,0,0,0,0,0,0,0,2,0,0,0
9320203.00,0203.00,932,Abbotsford - Mission,B,59932,59,British Columbia / Colombie-Britannique,0,0,0,0,0,0,1,1,1,0,0
9330501.02,0501.02,933,Vancouver,B,59933,59,British Columbia / Colombie-Britannique,0,1,0,0,2,0,0,0,1,0,0
9350013.02,0013.02,935,Victoria,B,59935,59,British Columbia / Colombie-Britannique,0,1,0,0,2,1,1,0,2,0,0
4620651.01,0651.01,462,Montréal,B,24462,24,Quebec / Québec,0,3,2,0,4,0,0,1,0,0,0
5350194.01,0194.01,535,Toronto,B,35535,35,Ontario,0,0,0,0,1,0,0,0,0,0,0
4620251.02,0251.02,462,Montréal,B,24462,24,Quebec / Québec,0,1,0,1,1,1,0,0,0,0,0
4620186.00,0186.00,462,Montréal,B,24462,24,Quebec / Québec,0,0,0,0,3,0,0,0,0,0,0
5370002.01,0002.01,537,Hamilton,B,35537,35,Ontario,0,0,0,0,1,0,0,0,0,0,0
5370072.02,0072.02,537,Hamilton,B,35537,35,Ontario,0,0,0,0,0,0,1,0,2,0,0
5370223.06,0223.06,537,Hamilton,B,35537,35,Ontario,0,1,0,0,1,0,2,0,1,0,0
8250206.05,0206.05,825,Calgary,B,48825,48,Alberta,0,3,1,0,4,0,3,0,0,0,0
4620868.01,0868.01,462,Montréal,B,24462,24,Quebec / Québec,0,0,1,0,4,0,0,0,0,0,0
9330287.14,0287.14,933,Vancouver,B,59933,59,British Columbia / Colombie-Britannique,0,1,0,0,0,0,0,0,0,0,0
5350805.10,0805.10,535,Toronto,B,35535,35,Ontario,0,0,0,0,1,0,0,0,0,0,0
4080006.00,0006.00,408,Saguenay,B,24408,24,Quebec / Québec,1,11,2,1,17,7,0,1,6,2,1
0010202.02,0202.02,001,St. John's,B,10001,10,Newfoundland and Labrador / Terre-Neuve-et-Labrador,0,0,0,2,0,0,1,0,2,0,0
9320201.02,0201.02,932,Abbotsford - Mission,B,59932,59,British Columbia / Colombie-Britannique,0,0,0,0,0,0,0,0,0,0,0
5350612.21,0612.21,535,Toronto,B,35535,35,Ontario,0,0,0,0,0,0,0,0,0,0,0
3200008.00,0008.00,320,Fredericton,K,13320,13,New Brunswick / Nouveau-Brunswick,0,4,1,1,10,0,0,1,6,0,0
4620222.00,0222.00,462,Montréal,B,24462,24,Quebec / Québec,0,0,0,0,2,1,0,0,0,0,0
5950005.00,0005.00,595,Thunder Bay,B,35595,35,Ontario,1,1,1,0,3,0,0,0,3,0,0
8250035.02,0035.02,825,Calgary,B,48825,48,Alberta,1,2,1,0,8,1,3,2,1,0,1
5350247.01,0247.01,535,Toronto,B,35535,35,Ontario,1,13,0,0,16,1,3,6,26,0,0
9330251.00,0251.00,933,Vancouver,B,59933,59,British Columbia / Colombie-Britannique,0,0,0,0,0,0,0,0,0,0,0
9350104.00,0104.00,935,Victoria,B,59935,59,British Columbia / Colombie-Britannique,0,1,0,0,1,0,0,0,2,0,0
5370006.00,0006.00,537,Hamilton,B,35537,35,Ontario,0,0,0,0,1,0,0,1,0,0,0
5410129.02,0129.02,541,Kitchener - Cambridge - Waterloo,B,35541,35,Ontario,0,0,1,0,2,0,0,0,0,0,0
4620212.00,0212.00,462,Montréal,B,24462,24,Quebec / Québec,0,1,0,0,1,0,0,0,0,0,0
2050018.00,0018.00,205,Halifax,B,12205,12,Nova Scotia / Nouvelle-Écosse,1,5,1,0,3,0,0,0,0,0,0
5350161.00,0161.00,535,Toronto,B,35535,35,Ontario,0,1,0,0,3,0,0,0,0,0,0
8350055.00,0055.00,835,Edmonton,B,48835,48,Alberta,2,0,0,0,8,0,0,2,0,0,0
5350330.00,0330.00,535,Toronto,B,35535,35,Ontario,0,0,0,0,1,0,0,0,0,0,0
0010015.02,0015.02,001,St. John's,B,10001,10,Newfoundland and Labrador / Terre-Neuve-et-Labrador,0,0,0,2,2,0,2,0,0,0,0
5050009.00,0009.00,505,Ottawa - Gatineau (Ontario part / partie de l'Ontario),B,35505,35,Ontario,0,0,0,0,1,0,1,0,0,0,0
5370003.02,0003.02,537,Hamilton,B,35537,35,Ontario,0,0,1,0,1,0,0,0,0,0,0
4590009.00,0009.00,459,Saint-Jean-sur-Richelieu,K,24459,24,Quebec / Québec,0,0,0,0,2,0,0,0,0,0,2
7050100.08,0100.08,705,Regina,B,47705,47,Saskatchewan,0,1,1,0,1,0,1,0,0,0,0
5350167.01,0167.01,535,Toronto,B,35535,35,Ontario,0,0,2,0,1,0,0,0,0,0,0
9330143.04,0143.04,933,Vancouver,B,59933,59,British Columbia / Colombie-Britannique,0,1,0,0,0,0,0,0,0,0,0
5550049.02,0049.02,555,London,B,35555,35,Ontario,0,0,0,0,0,0,0,0,0,0,0
5350378.27,0378.27,535,Toronto,B,35535,35,Ontario,0,1,0,2,1,0,0,2,0,0,0
5050134.00,0134.00,505,Ottawa - Gatineau (Ontario part / partie de l'Ontario),B,35505,35,Ontario,0,1,0,0,3,0,0,1,1,0,0
4080161.00,0161.00,408,Saguenay,B,24408,24,Quebec / Québec,0,0,0,0,1,0,1,0,0,0,0
5370049.00,0049.00,537,Hamilton,B,35537,35,Ontario,0,5,4,0,11,8,0,0,0,0,0
5050002.05,0002.05,505,Ottawa - Gatineau (Ontario part / partie de l'Ontario),B,35505,35,Ontario,0,1,0,0,0,0,0,0,0,0,0
4620365.00,0365.00,462,Montréal,B,24462,24,Quebec / Québec,0,4,0,0,2,1,0,0,0,0,0
5370200.00,0200.00,537,Hamilton,B,35537,35,Ontario,0,0,0,0,2,0,0,0,2,0,0
5350312.02,0312.02,535,Toronto,B,35535,35,Ontario,0,0,0,0,0,0,0,0,0,0,0
5350282.00,0282.00,535,Toronto,B,35535,35,Ontario,1,3,1,0,2,0,0,3,0,0,0
5350304.05,0304.05,535,Toronto,B,35535,35,Ontario,0,1,0,0,1,0,0,0,0,0,0
4080102.00,0102.00,408,Saguenay,B,24408,24,Quebec / Québec,0,0,1,0,5,1,0,0,0,0,0
9330403.01,0403.01,933,Vancouver,B,59933,59,British Columbia / Colombie-Britannique,2,2,0,1,2,0,0,1,1,0,0
6020130.02,0130.02,602,Winnipeg,B,46602,46,Manitoba,1,1,0,0,1,0,0,0,0,0,0
8250050.10,0050.10,825,Calgary,B,48825,48,Alberta,0,0,0,0,0,0,1,0,0,0,0
5370070.00,0070.00,537,Hamilton,B,35537,35,Ontario,0,0,0,0,0,0,0,0,0,0,0
6020035.00,0035.00,602,Winnipeg,B,46602,46,Manitoba,0,0,0,0,2,0,1,0,0,0,0
8350005.05,0005.05,835,Edmonton,B,48835,48,Alberta,0,0,2,0,1,0,1,0,1,0,0
4620521.06,0521.06,462,Montréal,B,24462,24,Quebec / Québec,0,0,1,1,2,0,0,0,0,0,0
4620684.05,0684.05,462,Montréal,B,24462,24,Quebec / Québec,0,0,1,0,1,1,1,0,0,0,0
2050131.04,0131.04,205,Halifax,B,12205,12,Nova Scotia / Nouvelle-Écosse,1,3,0,0,5,0,0,0,0,0,0
4620158.00,0158.00,462,Montréal,B,24462,24,Quebec / Québec,0,1,0,0,3,0,0,0,0,0,0
4620430.00,0430.00,462,Montréal,B,24462,24,Quebec / Québec,0,4,1,0,3,1,1,0,1,0,0
6020570.00,0570.00,602,Winnipeg,B,46602,46,Manitoba,0,0,0,0,4,0,0,0,3,0,0
5050151.04,0151.04,505,Ottawa - Gatineau (Ontario part / partie de l'Ontario),B,35505,35,Ontario,0,3,1,0,3,0,2,0,0,0,0
5350222.01,0222.01,535,Toronto,B,35535,35,Ontario,0,1,0,0,1,0,0,0,0,0,0
4620382.01,0382.01,462,Montréal,B,24462,24,Quebec / Québec,1,0,0,0,0,0,0,0,0,0,0
5350093.00,0093.00,535,Toronto,B,35535,35,Ontario,1,2,0,1,5,1,1,1,1,0,2
4500009.00,0009.00,450,Granby,K,24450,24,Quebec / Québec,0,0,0,0,4,0,0,1,0,0,0
7250017.00,0017.00,725,Saskatoon,B,47725,47,Saskatchewan,2,0,0,0,5,0,0,1,0,0,1
5350201.00,0201.00,535,Toronto,B,35535,35,Ontario,0,0,1,0,1,1,0,0,1,0,0
8250204.01,0204.01,825,Calgary,B,48825,48,Alberta,0,0,0,0,1,0,2,0,0,0,0
4620688.02,0688.02,462,Montréal,B,24462,24,Quebec / Québec,0,0,0,0,0,0,0,0,0,0,0
5350501.02,0501.02,535,Toronto,B,35535,35,Ontario,0,4,0,1,1,0,0,0,0,0,0
5290009.02,0009.02,529,Peterborough,B,35529,35,Ontario,1,0,0,0,0,0,0,0,1,0,0
4620268.01,0268.01,462,Montréal,B,24462,24,Quebec / Québec,0,1,1,0,3,0,0,0,0,0,0
5410016.00,0016.00,541,Kitchener - Cambridge - Waterloo,B,35541,35,Ontario,0,34,2,0,14,0,1,1,4,0,0
5350528.31,0528.31,535,Toronto,B,35535,35,Ontario,0,1,1,0,0,0,0,0,0,0,0
5210003.00,0003.00,521,Kingston,B,35521,35,Ontario,2,2,0,0,4,0,0,0,0,0,0
7050024.00,0024.00,705,Regina,B,47705,47,Saskatchewan,0,0,0,0,2,0,0,0,0,0,0
5430102.00,0102.00,543,Brantford,B,35543,35,Ontario,0,0,1,0,1,0,0,0,0,0,0
5550018.00,0018.00,555,London,B,35555,35,Ontario,0,3,0,1,3,0,0,0,0,1,0
9330054.02,0054.02,933,Vancouver,B,59933,59,British Columbia / Colombie-Britannique,0,0,0,0,0,1,0,0,0,0,0
5050015.00,0015.00,505,Ottawa - Gatineau (Ontario part / partie de l'Ontario),B,35505,35,Ontario,0,1,0,0,5,0,0,0,0,0,0
5350276.01,0276.01,535,Toronto,B,35535,35,Ontario,1,4,0,0,5,0,1,1,0,0,0
5350043.00,0043.00,535,Toronto,B,35535,35,Ontario,1,2,1,0,1,7,0,0,0,0,1
5390005.00,0005.00,539,St. Catharines - Niagara,B,35539,35,Ontario,4,43,7,5,18,4,5,2,4,0,1
5430002.03,0002.03,543,Brantford,B,35543,35,Ontario,0,0,1,0,1,0,0,0,0,0,0
3050011.00,0011.00,305,Moncton,B,13305,13,New Brunswick / Nouveau-Brunswick,0,0,0,0,2,0,0,0,4,0,0
5410111.06,0111.06,541,Kitchener - Cambridge - Waterloo,B,35541,35,Ontario,2,0,1,0,1,0,0,0,0,0,0
4620792.00,0792.00,462,Montréal,B,24462,24,Quebec / Québec,0,1,1,0,1,1,0,0,0,0,0
4620157.00,0157.00,462,Montréal,B,24462,24,Quebec / Québec,0,1,0,0,7,1,0,0,0,0,0
4620257.00,0257.00,462,Montréal,B,24462,24,Quebec / Québec,0,3,0,0,4,2,0,1,0,0,0
8350001.01,0001.01,835,Edmonton,B,48835,48,Alberta,2,20,1,3,29,3,8,11,8,0,0
9350100.00,0100.00,935,Victoria,B,59935,59,British Columbia / Colombie-Britannique,0,0,0,0,0,0,0,0,1,0,0
5350562.08,0562.08,535,Toronto,B,35535,35,Ontario,0,0,0,0,0,0,0,0,0,0,0
5590013.00,0013.00,559,Windsor,B,35559,35,Ontario,0,6,1,0,2,0,0,1,0,0,0
5410002.09,0002.09,541,Kitchener - Cambridge - Waterloo,B,35541,35,Ontario,1,1,0,0,0,0,0,0,0,0,0
5950008.00,0008.00,595,Thunder Bay,B,35595,35,Ontario,1,0,1,5,0,1,0,0,3,0,0
5320012.00,0012.00,532,Oshawa,B,35532,35,Ontario,0,4,0,0,1,0,0,1,0,0,0
8250076.04,0076.04,825,Calgary,B,48825,48,Alberta,0,0,0,0,0,2,1,0,0,0,1
5590100.01,0100.01,559,Windsor,B,35559,35,Ontario,0,0,0,0,1,0,0,0,0,0,0
5390242.01,0242.01,539,St. Catharines - Niagara,B,35539,35,Ontario,0,2,1,0,6,0,3,1,1,0,1
5350412.11,0412.11,535,Toronto,B,35535,35,Ontario,1,3,0,1,4,1,0,2,3,0,0
4620630.01,0630.01,462,Montréal,B,24462,24,Quebec / Québec,1,3,1,0,3,0,1,0,1,0,0
5350576.16,0576.16,535,Toronto,B,35535,35,Ontario,0,0,0,0,1,0,0,0,0,0,0
4620687.06,0687.06,462,Montréal,B,24462,24,Quebec / Québec,0,0,0,0,0,0,0,0,0,0,0
5050700.03,0700.03,505,Ottawa - Gatineau (partie du Québec / Quebec part),B,24505,24,Quebec / Québec,0,0,0,0,3,0,0,0,1,0,0
5370205.01,0205.01,537,Hamilton,B,35537,35,Ontario,0,0,0,0,1,0,1,0,0,0,0
5290101.00,0101.00,529,Peterborough,B,35529,35,Ontario,0,0,0,0,0,0,0,0,1,0,0
7050025.01,0025.01,705,Regina,B,47705,47,Saskatchewan,0,1,0,0,3,1,0,1,0,0,0
8300010.00,0010.00,830,Red Deer,K,48830,48,Alberta,16,33,4,4,48,12,5,7,11,1,0
8350078.08,0078.08,835,Edmonton,B,48835,48,Alberta,0,0,0,0,1,1,0,0,0,0,0
9250005.01,0005.01,925,Kamloops,K,59925,59,British Columbia / Colombie-Britannique,0,1,0,0,1,0,1,0,0,1,0
5050141.15,0141.15,505,Ottawa - Gatineau (Ontario part / partie de l'Ontario),B,35505,35,Ontario,0,0,0,0,0,0,0,0,0,0,0
8350001.03,0001.03,835,Edmonton,B,48835,48,Alberta,0,0,1,1,2,1,2,0,3,0,0
5350378.08,0378.08,535,Toronto,B,35535,35,Ontario,0,1,1,0,0,0,0,0,1,0,0
5950004.00,0004.00,595,Thunder Bay,B,35595,35,Ontario,0,0,0,0,2,1,2,1,2,0,0
5050820.00,0820.00,505,Ottawa - Gatineau (partie du Québec / Quebec part),B,24505,24,Quebec / Québec,1,1,1,0,0,0,0,1,0,0,0
9700022.00,0022.00,970,Prince George,K,59970,59,British Columbia / Colombie-Britannique,0,0,0,0,0,0,0,0,0,0,1
4620462.02,0462.02,462,Montréal,B,24462,24,Quebec / Québec,0,0,1,0,0,0,0,0,0,0,0
4620198.00,0198.00,462,Montréal,B,24462,24,Quebec / Québec,0,0,0,1,2,0,1,0,0,0,0
5350811.00,0811.00,535,Toronto,B,35535,35,Ontario,1,4,3,0,9,2,2,1,2,0,1
5350354.00,0354.00,535,Toronto,B,35535,35,Ontario,0,0,0,0,1,0,0,1,0,0,0
9330163.07,0163.07,933,Vancouver,B,59933,59,British Columbia / Colombie-Britannique,0,0,1,0,0,0,0,1,0,0,0
5410140.01,0140.01,541,Kitchener - Cambridge - Waterloo,B,35541,35,Ontario,0,0,0,0,3,0,0,1,0,0,0
5350034.01,0034.01,535,Toronto,B,35535,35,Ontario,1,3,1,0,7,3,0,1,6,0,0
9330187.11,0187.11,933,Vancouver,B,59933,59,British Columbia / Colombie-Britannique,0,0,0,0,2,1,0,0,2,0,0
9330185.21,0185.21,933,Vancouver,B,59933,59,British Columbia / Colombie-Britannique,0,1,0,0,1,0,0,0,0,0,0
9350180.02,0180.02,935,Victoria,B,59935,59,British Columbia / Colombie-Britannique,0,1,0,0,4,0,0,0,1,0,0
8300001.01,0001.01,830,Red Deer,K,48830,48,Alberta,0,0,0,0,0,0,0,0,0,0,0
4620203.00,0203.00,462,Montréal,B,24462,24,Quebec / Québec,0,1,0,0,0,1,0,0,0,0,0
5050022.00,0022.00,505,Ottawa - Gatineau (Ontario part / partie de l'Ontario),B,35505,35,Ontario,0,4,2,1,5,1,0,3,4,0,0
4620703.02,0703.02,462,Montréal,B,24462,24,Quebec / Québec,0,4,0,0,2,0,1,0,1,0,0
7250005.00,0005.00,725,Saskatoon,B,47725,47,Saskatchewan,0,0,1,0,3,0,0,1,0,0,0
8250077.28,0077.28,825,Calgary,B,48825,48,Alberta,0,0,1,0,0,0,0,0,0,0,0
8100100.02,0100.02,810,Lethbridge,K,48810,48,Alberta,0,0,0,0,0,0,0,0,0,0,0
5350411.16,0411.16,535,Toronto,B,35535,35,Ontario,0,3,0,0,1,0,0,0,0,0,0
4620217.00,0217.00,462,Montréal,B,24462,24,Quebec / Québec,0,3,0,0,3,4,1,1,0,0,0
5350096.00,0096.00,535,Toronto,B,35535,35,Ontario,0,1,1,0,2,0,0,0,0,0,2
5350516.46,0516.46,535,Toronto,B,35535,35,Ontario,0,0,0,0,0,0,0,0,0,0,0
9330185.19,0185.19,933,Vancouver,B,59933,59,British Columbia / Colombie-Britannique,0,0,0,0,0,0,0,0,0,0,0
4210112.02,0112.02,421,Québec,B,24421,24,Quebec / Québec,0,1,0,0,1,1,0,0,0,0,0
5220301.00,0301.00,522,Belleville,K,35522,35,Ontario,0,0,0,0,0,0,0,0,0,0,0
5350273.01,0273.01,535,Toronto,B,35535,35,Ontario,1,12,0,0,7,0,1,5,2,0,0
5800160.00,0160.00,580,Greater Sudbury / Grand Sudbury,B,35580,35,Ontario,0,0,0,0,3,0,1,1,1,0,0
5050035.00,0035.00,505,Ottawa - Gatineau (Ontario part / partie de l'Ontario),B,35505,35,Ontario,0,4,0,1,1,4,1,0,0,0,0
5370007.00,0007.00,537,Hamilton,B,35537,35,Ontario,0,1,0,1,1,0,0,0,0,0,0
8350005.02,0005.02,835,Edmonton,B,48835,48,Alberta,0,1,0,0,1,0,0,1,0,0,0
7250004.00,0004.00,725,Saskatoon,B,47725,47,Saskatchewan,0,0,0,0,1,0,0,0,1,0,0
8250028.00,0028.00,825,Calgary,B,48825,48,Alberta,0,2,0,0,1,0,0,0,2,0,0
5800131.00,0131.00,580,Greater Sudbury / Grand Sudbury,B,35580,35,Ontario,0,0,1,0,2,0,1,0,2,0,0
6020590.03,0590.03,602,Winnipeg,B,46602,46,Manitoba,0,1,0,1,2,0,0,0,1,0,0
4500005.00,0005.00,450,Granby,K,24450,24,Quebec / Québec,1,12,7,1,12,8,1,2,1,0,0
4080167.00,0167.00,408,Saguenay,B,24408,24,Quebec / Québec,0,0,1,0,2,1,0,0,4,0,0
4620327.00,0327.00,462,Montréal,B,24462,24,Quebec / Québec,1,1,0,0,1,0,0,0,0,0,0
4620101.01,0101.01,462,Montréal,B,24462,24,Quebec / Québec,0,0,1,0,1,0,0,0,0,0,0
4620590.02,0590.02,462,Montréal,B,24462,24,Quebec / Québec,0,0,0,0,5,0,0,0,0,0,0
5390016.02,0016.02,539,St. Catharines - Niagara,B,35539,35,Ontario,0,0,0,0,1,0,0,0,0,0,0
8250076.06,0076.06,825,Calgary,B,48825,48,Alberta,0,0,0,0,2,0,0,0,0,0,0
5350411.26,0411.26,535,Toronto,B,35535,35,Ontario,0,0,0,0,0,0,0,0,0,0,0
5050170.03,0170.03,505,Ottawa - Gatineau (Ontario part / partie de l'Ontario),B,35505,35,Ontario,0,0,1,0,0,0,0,0,0,0,0
4620852.02,0852.02,462,Montréal,B,24462,24,Quebec / Québec,0,0,0,0,0,0,0,0,0,0,0
9330187.07,0187.07,933,Vancouver,B,59933,59,British Columbia / Colombie-Britannique,0,0,0,0,0,0,0,0,0,0,0
5350159.01,0159.01,535,Toronto,B,35535,35,Ontario,0,2,0,0,2,0,1,1,0,0,1
5350124.00,0124.00,535,Toronto,B,35535,35,Ontario,0,18,0,1,13,2,0,2,1,0,0
5390303.00,0303.00,539,St. Catharines - Niagara,B,35539,35,Ontario,0,0,0,0,0,0,0,0,0,0,0
4620270.00,0270.00,462,Montréal,B,24462,24,Quebec / Québec,0,3,0,1,1,1,0,2,2,0,1
5390112.00,0112.00,539,St. Catharines - Niagara,B,35539,35,Ontario,0,0,0,0,2,1,0,0,6,0,0
4620151.00,0151.00,462,Montréal,B,24462,24,Quebec / Québec,1,0,1,0,1,1,0,0,0,0,1
5350202.00,0202.00,535,Toronto,B,35535,35,Ontario,1,0,1,0,1,0,0,0,0,0,0
9330182.04,0182.04,933,Vancouver,B,59933,59,British Columbia / Colombie-Britannique,0,0,0,0,0,0,0,0,0,0,0
8050005.01,0005.01,805,Medicine Hat,K,48805,48,Alberta,1,4,3,1,2,3,1,3,6,0,0
5620006.00,0006.00,562,Sarnia,K,35562,35,Ontario,1,1,0,1,3,0,0,0,0,0,0
8300006.00,0006.00,830,Red Deer,K,48830,48,Alberta,0,0,0,1,1,0,0,1,0,0,0
7250021.02,0021.02,725,Saskatoon,B,47725,47,Saskatchewan,0,1,0,0,1,0,0,0,0,0,0
8350021.00,0021.00,835,Edmonton,B,48835,48,Alberta,0,2,2,1,1,4,2,1,0,0,0
6020031.00,0031.00,602,Winnipeg,B,46602,46,Manitoba,0,0,0,1,4,0,0,0,1,0,0
8250001.26,0001.26,825,Calgary,B,48825,48,Alberta,0,0,1,0,0,0,0,0,0,0,0
5350452.02,0452.02,535,Toronto,B,35535,35,Ontario,0,3,0,0,3,0,2,1,1,0,0
4620826.08,0826.08,462,Montréal,B,24462,24,Quebec / Québec,0,2,0,0,2,1,1,2,1,0,0
5370215.00,0215.00,537,Hamilton,B,35537,35,Ontario,0,0,0,0,1,0,0,0,0,0,0
6020531.00,0531.00,602,Winnipeg,B,46602,46,Manitoba,0,5,1,0,3,2,1,3,2,1,0
5750007.00,0007.00,575,North Bay,K,35575,35,Ontario,0,11,0,1,13,1,2,2,0,0,1
5350810.03,0810.03,535,Toronto,B,35535,35,Ontario,0,0,0,0,0,0,0,0,0,0,0
9300013.00,0013.00,930,Chilliwack,K,59930,59,British Columbia / Colombie-Britannique,0,0,0,0,1,0,0,0,0,0,0
8250077.25,0077.25,825,Calgary,B,48825,48,Alberta,1,0,0,0,1,0,1,0,0,0,0
8250052.12,0052.12,825,Calgary,B,48825,48,Alberta,0,1,0,0,0,0,0,0,1,0,0
4620120.01,0120.01,462,Montréal,B,24462,24,Quebec / Québec,0,3,0,0,5,2,1,1,1,0,0
5550003.00,0003.00,555,London,B,35555,35,Ontario,5,0,0,0,2,0,0,0,0,0,0
9380017.00,0017.00,938,Nanaimo,K,59938,59,British Columbia / Colombie-Britannique,0,0,2,1,7,0,1,1,9,0,0
5350263.03,0263.03,535,Toronto,B,35535,35,Ontario,1,10,3,1,8,0,1,2,1,1,0
0010302.00,0302.00,001,St. John's,B,10001,10,Newfoundland and Labrador / Terre-Neuve-et-Labrador,0,0,1,0,0,0,0,0,0,0,0
2050003.00,0003.00,205,Halifax,B,12205,12,Nova Scotia / Nouvelle-Écosse,0,0,0,0,1,0,0,0,1,0,0
4590008.00,0008.00,459,Saint-Jean-sur-Richelieu,K,24459,24,Quebec / Québec,0,4,0,0,2,2,1,0,0,0,0
4620421.02,0421.02,462,Montréal,B,24462,24,Quebec / Québec,0,1,0,0,0,0,0,0,0,0,0
5050007.01,0007.01,505,Ottawa - Gatineau (Ontario part / partie de l'Ontario),B,35505,35,Ontario,0,0,1,0,0,0,0,0,0,0,0
4620126.00,0126.00,462,Montréal,B,24462,24,Quebec / Québec,0,0,0,0,1,0,0,0,1,0,0
9330119.00,0119.00,933,Vancouver,B,59933,59,British Columbia / Colombie-Britannique,0,1,0,0,1,0,2,0,1,0,0
9330141.02,0141.02,933,Vancouver,B,59933,59,British Columbia / Colombie-Britannique,0,0,0,0,0,0,0,0,0,0,0
5050620.04,0620.04,505,Ottawa - Gatineau (partie du Québec / Quebec part),B,24505,24,Quebec / Québec,0,0,1,0,0,0,0,0,0,0,0
8250017.03,0017.03,825,Calgary,B,48825,48,Alberta,0,0,0,0,0,0,1,0,0,0,1
4210846.03,0846.03,421,Québec,B,24421,24,Quebec / Québec,0,0,0,0,1,0,0,0,2,0,0
4330201.00,0201.00,433,Sherbrooke,B,24433,24,Quebec / Québec,0,0,1,0,1,1,0,0,1,0,0
5950003.00,0003.00,595,Thunder Bay,B,35595,35,Ontario,0,0,0,0,4,3,1,0,0,0,2
2050123.05,0123.05,205,Halifax,B,12205,12,Nova Scotia / Nouvelle-Écosse,0,4,0,0,2,1,1,0,0,0,0
4620876.04,0876.04,462,Montréal,B,24462,24,Quebec / Québec,0,2,0,0,1,0,0,0,1,0,0
5680004.07,0004.07,568,Barrie,B,35568,35,Ontario,0,0,2,0,0,0,0,1,0,0,0
9700004.00,0004.00,970,Prince George,K,59970,59,British Columbia / Colombie-Britannique,0,0,0,0,1,0,0,0,1,0,0
4620685.02,0685.02,462,Montréal,B,24462,24,Quebec / Québec,0,0,0,0,0,0,0,0,0,0,0
5350090.00,0090.00,535,Toronto,B,35535,35,Ontario,0,10,1,1,6,1,0,0,0,0,0
4620878.00,0878.00,462,Montréal,B,24462,24,Quebec / Québec,0,4,3,0,7,0,0,1,0,0,0
9330017.02,0017.02,933,Vancouver,B,59933,59,British Columbia / Colombie-Britannique,0,3,0,1,1,0,0,0,2,0,0
5350194.03,0194.03,535,Toronto,B,35535,35,Ontario,0,2,0,0,4,1,0,0,0,0,0
5050040.00,0040.00,505,Ottawa - Gatineau (Ontario part / partie de l'Ontario),B,35505,35,Ontario,0,6,0,1,7,0,1,0,3,0,1
9330183.01,0183.01,933,Vancouver,B,59933,59,British Columbia / Colombie-Britannique,0,0,0,1,3,0,0,0,2,1,0
4620707.00,0707.00,462,Montréal,B,24462,24,Quebec / Québec,0,7,7,2,12,1,2,0,2,0,1
9330040.01,0040.01,933,Vancouver,B,59933,59,British Columbia / Colombie-Britannique,0,7,1,0,5,1,1,0,0,0,0
5500001.05,0001.05,550,Guelph,B,35550,35,Ontario,0,1,2,1,2,0,2,1,0,0,0
4620605.05,0605.05,462,Montréal,B,24462,24,Quebec / Québec,0,1,0,0,1,0,0,0,1,0,0
4620118.00,0118.00,462,Montréal,B,24462,24,Quebec / Québec,0,3,0,1,3,1,0,0,0,0,0
5050511.02,0511.02,505,Ottawa - Gatineau (partie du Québec / Quebec part),B,24505,24,Quebec / Québec,0,2,0,0,7,0,0,0,0,0,0
5050170.12,0170.12,505,Ottawa - Gatineau (Ontario part / partie de l'Ontario),B,35505,35,Ontario,0,0,1,0,0,0,1,0,0,0,0
5050510.02,0510.02,505,Ottawa - Gatineau (partie du Québec / Quebec part),B,24505,24,Quebec / Québec,0,3,0,0,1,0,0,0,0,0,0
4620057.00,0057.00,462,Montréal,B,24462,24,Quebec / Québec,2,1,4,0,7,2,0,0,3,1,0
8050004.00,0004.00,805,Medicine Hat,K,48805,48,Alberta,1,0,1,1,3,3,0,0,9,0,0
5350412.18,0412.18,535,Toronto,B,35535,35,Ontario,0,2,0,0,0,0,0,0,0,0,0
8350105.04,0105.04,835,Edmonton,B,48835,48,Alberta,0,0,0,0,0,0,2,0,1,0,0
5590024.00,0024.00,559,Windsor,B,35559,35,Ontario,0,0,1,0,4,1,0,0,0,0,1
9250004.00,0004.00,925,Kamloops,K,59925,59,British Columbia / Colombie-Britannique,0,3,0,0,2,2,4,1,18,0,0
5350376.13,0376.13,535,Toronto,B,35535,35,Ontario,0,0,0,0,1,0,0,0,0,0,0
5350517.00,0517.00,535,Toronto,B,35535,35,Ontario,0,0,0,0,0,0,0,0,0,0,0
5350805.05,0805.05,535,Toronto,B,35535,35,Ontario,0,0,0,0,0,0,0,0,0,0,0
5220009.00,0009.00,522,Belleville,K,35522,35,Ontario,0,1,0,0,0,0,0,0,0,0,0
4210008.00,0008.00,421,Québec,B,24421,24,Quebec / Québec,0,0,0,1,2,0,0,0,0,0,0
4620825.03,0825.03,462,Montréal,B,24462,24,Quebec / Québec,0,5,1,0,6,0,0,1,2,0,0
4620828.03,0828.03,462,Montréal,B,24462,24,Quebec / Québec,0,0,1,0,2,0,0,1,0,0,0
5350400.13,0400.13,535,Toronto,B,35535,35,Ontario,0,0,0,0,0,0,0,0,0,0,0
4420301.00,0301.00,442,Trois-Rivières,B,24442,24,Quebec / Québec,0,0,0,0,0,0,0,0,0,0,0
5350528.40,0528.40,535,Toronto,B,35535,35,Ontario,0,0,0,0,0,1,0,0,0,0,0
8250077.05,0077.05,825,Calgary,B,48825,48,Alberta,0,1,0,0,3,0,1,0,0,0,0
5350576.32,0576.32,535,Toronto,B,35535,35,Ontario,0,0,0,0,0,0,0,1,0,0,0
9330151.07,0151.07,933,Vancouver,B,59933,59,British Columbia / Colombie-Britannique,0,6,0,0,5,2,1,1,12,0,0
5410104.00,0104.00,541,Kitchener - Cambridge - Waterloo,B,35541,35,Ontario,0,1,0,0,2,0,2,1,2,0,0
4620247.00,0247.00,462,Montréal,B,24462,24,Quebec / Québec,0,4,0,0,9,3,0,0,0,0,0
5350400.08,0400.08,535,Toronto,B,35535,35,Ontario,0,4,1,0,3,1,2,0,0,0,1
5370011.00,0011.00,537,Hamilton,B,35537,35,Ontario,0,1,0,0,0,0,1,0,0,0,1
4620684.03,0684.03,462,Montréal,B,24462,24,Quebec / Québec,1,1,1,0,0,0,0,1,0,0,0
9330503.06,0503.06,933,Vancouver,B,59933,59,British Columbia / Colombie-Britannique,0,0,0,0,2,1,0,0,1,0,0
4620416.01,0416.01,462,Montréal,B,24462,24,Quebec / Québec,0,0,0,0,0,0,0,0,0,0,0
4620340.00,0340.00,462,Montréal,B,24462,24,Quebec / Québec,1,2,1,0,4,0,0,1,1,0,0
5350039.00,0039.00,535,Toronto,B,35535,35,Ontario,0,4,0,3,8,8,0,2,3,0,0
4620221.00,0221.00,462,Montréal,B,24462,24,Quebec / Québec,0,2,0,1,6,1,2,0,0,0,0
5800192.00,0192.00,580,Greater Sudbury / Grand Sudbury,B,35580,35,Ontario,0,0,0,0,1,0,0,0,0,0,0
8100104.00,0104.00,810,Lethbridge,K,48810,48,Alberta,1,2,4,0,3,0,3,0,2,0,0
5590022.00,0022.00,559,Windsor,B,35559,35,Ontario,0,0,0,0,1,3,0,0,0,0,0
5320004.02,0004.02,532,Oshawa,B,35532,35,Ontario,0,2,0,1,4,1,3,1,0,0,1
4620786.00,0786.00,462,Montréal,B,24462,24,Quebec / Québec,0,0,3,0,5,2,1,1,0,0,0
8350015.01,0015.01,835,Edmonton,B,48835,48,Alberta,0,1,0,0,3,1,2,1,2,0,0
5370053.00,0053.00,537,Hamilton,B,35537,35,Ontario,0,1,0,0,0,0,0,0,0,0,1
5550231.00,0231.00,555,London,B,35555,35,Ontario,0,5,0,0,6,0,1,1,2,0,0
5410127.01,0127.01,541,Kitchener - Cambridge - Waterloo,B,35541,35,Ontario,0,0,0,0,4,0,0,0,0,0,0
5350540.02,0540.02,535,Toronto,B,35535,35,Ontario,1,7,1,1,4,1,2,4,0,0,1
5550026.00,0026.00,555,London,B,35555,35,Ontario,0,0,0,0,6,0,0,0,1,0,0
4620605.04,0605.04,462,Montréal,B,24462,24,Quebec / Québec,0,0,0,0,1,1,1,0,1,0,0
8350100.00,0100.00,835,Edmonton,B,48835,48,Alberta,0,0,1,0,4,0,1,0,0,0,0
5350346.02,0346.02,535,Toronto,B,35535,35,Ontario,0,1,0,0,0,0,0,0,0,0,0
4210041.06,0041.06,421,Québec,B,24421,24,Quebec / Québec,0,3,0,0,0,0,0,0,0,0,0
5350246.00,0246.00,535,Toronto,B,35535,35,Ontario,0,0,0,0,2,0,0,0,0,0,0
8250077.04,0077.04,825,Calgary,B,48825,48,Alberta,1,0,0,0,1,1,1,0,0,0,0
9330022.00,0022.00,933,Vancouver,B,59933,59,British Columbia / Colombie-Britannique,0,5,0,0,2,0,0,0,0,0,0
6020034.00,0034.00,602,Winnipeg,B,46602,46,Manitoba,0,1,0,0,10,0,0,0,4,0,1
5370066.00,0066.00,537,Hamilton,B,35537,35,Ontario,0,0,0,0,2,1,0,0,1,0,0
5350804.10,0804.10,535,Toronto,B,35535,35,Ontario,0,4,1,0,2,2,2,0,0,0,0
5410002.01,0002.01,541,Kitchener - Cambridge - Waterloo,B,35541,35,Ontario,0,0,0,0,2,0,1,0,0,0,0
5350220.00,0220.00,535,Toronto,B,35535,35,Ontario,0,2,1,0,1,0,1,0,0,0,0
5900002.00,0002.00,590,Sault Ste. Marie,K,35590,35,Ontario,0,0,0,0,2,1,0,0,4,0,0
8350079.02,0079.02,835,Edmonton,B,48835,48,Alberta,1,0,0,0,0,0,2,1,0,0,0
5350102.03,0102.03,535,Toronto,B,35535,35,Ontario,0,0,1,0,0,0,0,0,0,0,0
3050200.00,0200.00,305,Moncton,B,13305,13,New Brunswick / Nouveau-Brunswick,0,0,0,0,1,0,0,0,0,0,0
4620610.06,0610.06,462,Montréal,B,24462,24,Quebec / Québec,0,0,0,0,0,0,0,0,0,0,0
4620104.00,0104.00,462,Montréal,B,24462,24,Quebec / Québec,0,1,0,0,0,2,0,0,0,0,0
5350402.01,0402.01,535,Toronto,B,35535,35,Ontario,0,7,1,0,4,0,1,0,0,0,0
7050028.02,0028.02,705,Regina,B,47705,47,Saskatchewan,0,0,0,0,1,0,0,0,0,0,0
5320100.01,0100.01,532,Oshawa,B,35532,35,Ontario,2,1,0,0,1,0,2,0,0,0,0
4590013.00,0013.00,459,Saint-Jean-sur-Richelieu,K,24459,24,Quebec / Québec,0,0,2,0,0,0,0,0,0,0,0
5350516.16,0516.16,535,Toronto,B,35535,35,Ontario,0,0,1,0,0,0,0,0,1,0,0
4620692.00,0692.00,462,Montréal,B,24462,24,Quebec / Québec,0,1,3,0,3,0,1,0,0,0,0
9250018.00,0018.00,925,Kamloops,K,59925,59,British Columbia / Colombie-Britannique,1,0,0,0,1,0,0,1,2,0,0
5350104.00,0104.00,535,Toronto,B,35535,35,Ontario,1,10,0,0,2,0,0,0,1,0,0
5390004.02,0004.02,539,St. Catharines - Niagara,B,35539,35,Ontario,0,1,1,0,4,0,2,0,0,0,0
4620330.00,0330.00,462,Montréal,B,24462,24,Quebec / Québec,0,0,1,0,2,0,0,0,1,0,0
4620635.00,0635.00,462,Montréal,B,24462,24,Quebec / Québec,0,4,2,1,5,1,1,0,0,0,0
4210119.04,0119.04,421,Québec,B,24421,24,Quebec / Québec,0,0,0,0,0,0,0,0,2,0,0
5350400.17,0400.17,535,Toronto,B,35535,35,Ontario,0,0,0,0,1,0,0,0,0,0,0
5050840.00,0840.00,505,Ottawa - Gatineau (partie du Québec / Quebec part),B,24505,24,Quebec / Québec,0,0,0,0,4,0,0,0,0,0,0
4210272.00,0272.00,421,Québec,B,24421,24,Quebec / Québec,0,3,1,0,2,2,0,2,0,0,0
5350362.04,0362.04,535,Toronto,B,35535,35,Ontario,0,0,0,0,0,0,0,0,0,0,0
5350063.02,0063.02,535,Toronto,B,35535,35,Ontario,1,8,1,0,9,7,1,0,5,0,0
9330237.00,0237.00,933,Vancouver,B,59933,59,British Columbia / Colombie-Britannique,0,0,1,0,0,1,1,1,0,0,0
9330002.03,0002.03,933,Vancouver,B,59933,59,British Columbia / Colombie-Britannique,0,0,0,0,1,0,0,0,0,0,0
5370002.06,0002.06,537,Hamilton,B,35537,35,Ontario,0,1,2,0,1,0,1,1,0,0,0
5350560.00,0560.00,535,Toronto,B,35535,35,Ontario,0,4,0,0,0,0,0,0,0,0,0
5210112.07,0112.07,521,Kingston,B,35521,35,Ontario,0,1,0,0,1,0,0,0,1,0,0
9330285.02,0285.02,933,Vancouver,B,59933,59,British Columbia / Colombie-Britannique,0,0,1,0,0,0,0,0,0,0,0
5050042.00,0042.00,505,Ottawa - Gatineau (Ontario part / partie de l'Ontario),B,35505,35,Ontario,0,0,0,0,9,2,1,0,0,0,0
5410009.02,0009.02,541,Kitchener - Cambridge - Waterloo,B,35541,35,Ontario,0,0,1,0,1,0,0,0,0,0,0
5350528.37,0528.37,535,Toronto,B,35535,35,Ontario,0,0,0,0,1,0,0,0,0,0,0
5350235.01,0235.01,535,Toronto,B,35535,35,Ontario,0,0,0,0,0,0,0,0,0,0,0
8100016.00,0016.00,810,Lethbridge,K,48810,48,Alberta,0,0,0,0,0,0,1,0,1,0,0
9330052.01,0052.01,933,Vancouver,B,59933,59,British Columbia / Colombie-Britannique,0,1,4,0,4,0,0,1,0,0,1
8250004.00,0004.00,825,Calgary,B,48825,48,Alberta,0,0,0,0,0,1,1,0,0,0,0
4620363.00,0363.00,462,Montréal,B,24462,24,Quebec / Québec,1,1,0,1,4,0,1,0,0,0,0
5050002.02,0002.02,505,Ottawa - Gatineau (Ontario part / partie de l'Ontario),B,35505,35,Ontario,0,1,2,0,1,0,0,0,0,0,0
4620094.01,0094.01,462,Montréal,B,24462,24,Quebec / Québec,0,0,0,0,6,3,1,0,7,0,0
5210112.04,0112.04,521,Kingston,B,35521,35,Ontario,0,0,2,0,1,0,1,0,0,0,0
4620322.03,0322.03,462,Montréal,B,24462,24,Quebec / Québec,0,0,0,0,2,1,0,0,0,0,0
4620655.02,0655.02,462,Montréal,B,24462,24,Quebec / Québec,0,2,3,0,7,2,0,0,0,0,0
8100020.01,0020.01,810,Lethbridge,K,48810,48,Alberta,1,0,1,0,2,0,0,0,0,0,0
4620889.02,0889.02,462,Montréal,B,24462,24,Quebec / Québec,0,1,0,0,0,0,0,0,0,0,0
5350804.11,0804.11,535,Toronto,B,35535,35,Ontario,0,1,2,0,0,0,0,1,0,0,0
4330008.00,0008.00,433,Sherbrooke,B,24433,24,Quebec / Québec,0,0,0,0,1,0,0,0,0,0,0
9150010.01,0010.01,915,Kelowna,B,59915,59,British Columbia / Colombie-Britannique,0,0,2,0,2,0,0,0,1,0,0
5290002.00,0002.00,529,Peterborough,B,35529,35,Ontario,0,0,1,0,1,0,1,1,1,0,0
5350312.07,0312.07,535,Toronto,B,35535,35,Ontario,0,0,0,0,1,0,0,0,0,0,0
9350122.00,0122.00,935,Victoria,B,59935,59,British Columbia / Colombie-Britannique,0,4,1,0,2,2,0,0,0,0,0
9330162.02,0162.02,933,Vancouver,B,59933,59,British Columbia / Colombie-Britannique,0,0,0,0,0,0,0,1,0,0,0
5370002.03,0002.03,537,Hamilton,B,35537,35,Ontario,0,0,0,0,0,0,0,0,0,0,0
8350162.02,0162.02,835,Edmonton,B,48835,48,Alberta,0,3,0,0,3,0,5,1,2,0,0
5900017.00,0017.00,590,Sault Ste. Marie,K,35590,35,Ontario,0,1,0,0,6,1,0,3,6,0,0
5550200.00,0200.00,555,London,B,35555,35,Ontario,1,1,1,1,2,0,0,0,0,0,0
5050141.13,0141.13,505,Ottawa - Gatineau (Ontario part / partie de l'Ontario),B,35505,35,Ontario,0,0,2,0,0,0,0,0,0,0,0
3100029.00,0029.00,310,Saint John,B,13310,13,New Brunswick / Nouveau-Brunswick,0,0,1,0,0,0,0,1,0,0,0
5550019.00,0019.00,555,London,B,35555,35,Ontario,0,3,0,0,1,1,0,1,0,0,1
5350059.00,0059.00,535,Toronto,B,35535,35,Ontario,1,4,0,0,4,1,0,1,3,0,0
4620154.00,0154.00,462,Montréal,B,24462,24,Quebec / Québec,0,0,0,0,0,0,0,0,0,0,0
9330182.02,0182.02,933,Vancouver,B,59933,59,British Columbia / Colombie-Britannique,0,0,0,0,0,1,0,0,0,0,0
4210273.03,0273.03,421,Québec,B,24421,24,Quebec / Québec,0,3,0,0,1,0,0,0,0,0,0
8250200.03,0200.03,825,Calgary,B,48825,48,Alberta,0,2,0,0,1,1,2,0,0,0,0
4620830.03,0830.03,462,Montréal,B,24462,24,Quebec / Québec,0,0,1,0,1,0,0,0,1,0,0
4420013.01,0013.01,442,Trois-Rivières,B,24442,24,Quebec / Québec,0,0,1,2,1,0,0,0,0,0,0
5350624.00,0624.00,535,Toronto,B,35535,35,Ontario,0,1,0,0,1,0,0,1,0,0,0
5350481.01,0481.01,535,Toronto,B,35535,35,Ontario,0,0,0,0,1,0,0,1,0,0,0
8250077.16,0077.16,825,Calgary,B,48825,48,Alberta,1,0,0,0,2,0,0,0,0,0,0
8350090.16,0090.16,835,Edmonton,B,48835,48,Alberta,1,0,0,0,0,0,1,0,0,0,0
5350525.02,0525.02,535,Toronto,B,35535,35,Ontario,0,1,0,0,4,0,0,1,2,0,0
8350155.00,0155.00,835,Edmonton,B,48835,48,Alberta,1,1,0,0,1,1,2,0,0,0,0
4620850.04,0850.04,462,Montréal,B,24462,24,Quebec / Québec,0,0,0,0,1,0,0,0,0,0,0
5430004.00,0004.00,543,Brantford,B,35543,35,Ontario,0,1,1,0,0,0,0,0,1,0,0
5590019.03,0019.03,559,Windsor,B,35559,35,Ontario,0,0,1,0,1,0,0,0,0,0,0
5350311.06,0311.06,535,Toronto,B,35535,35,Ontario,12,30,9,3,19,1,0,11,3,0,1
9330191.03,0191.03,933,Vancouver,B,59933,59,British Columbia / Colombie-Britannique,0,1,0,0,0,1,1,0,0,0,1
4620581.01,0581.01,462,Montréal,B,24462,24,Quebec / Québec,0,0,3,0,1,0,0,0,0,0,0
8250002.12,0002.12,825,Calgary,B,48825,48,Alberta,0,0,0,0,0,0,0,0,0,0,0
4620202.00,0202.00,462,Montréal,B,24462,24,Quebec / Québec,0,2,3,0,5,1,0,0,0,0,0
5350610.03,0610.03,535,Toronto,B,35535,35,Ontario,0,2,0,2,3,0,0,1,0,0,1
4620106.00,0106.00,462,Montréal,B,24462,24,Quebec / Québec,0,2,0,1,0,0,0,0,0,0,0
5350065.00,0065.00,535,Toronto,B,35535,35,Ontario,0,2,0,0,4,1,0,0,0,0,1
5350310.02,0310.02,535,Toronto,B,35535,35,Ontario,0,4,0,0,1,0,0,0,0,0,0
5320105.03,0105.03,532,Oshawa,B,35532,35,Ontario,0,0,0,0,0,0,0,0,0,0,0
2050019.00,0019.00,205,Halifax,B,12205,12,Nova Scotia / Nouvelle-Écosse,1,3,1,0,2,0,0,0,0,0,0
8350061.00,0061.00,835,Edmonton,B,48835,48,Alberta,0,1,0,0,1,1,1,3,0,0,0
8350120.06,0120.06,835,Edmonton,B,48835,48,Alberta,1,3,0,0,0,2,3,1,3,0,0
4620410.03,0410.03,462,Montréal,B,24462,24,Quebec / Québec,0,1,0,0,3,0,0,0,0,0,0
8350065.02,0065.02,835,Edmonton,B,48835,48,Alberta,0,0,0,0,0,0,0,0,0,0,0
5350154.00,0154.00,535,Toronto,B,35535,35,Ontario,0,0,0,0,1,0,0,0,0,0,0
5050161.03,0161.03,505,Ottawa - Gatineau (Ontario part / partie de l'Ontario),B,35505,35,Ontario,0,0,0,0,0,0,0,0,0,0,0
5320101.06,0101.06,532,Oshawa,B,35532,35,Ontario,0,2,1,0,0,0,1,1,1,0,0
4620700.01,0700.01,462,Montréal,B,24462,24,Quebec / Québec,0,3,3,0,11,4,1,0,2,1,0
5550041.00,0041.00,555,London,B,35555,35,Ontario,0,0,0,0,0,0,2,0,0,0,0
9300018.00,0018.00,930,Chilliwack,K,59930,59,British Columbia / Colombie-Britannique,0,0,0,0,1,0,0,0,0,0,0
4210370.00,0370.00,421,Québec,B,24421,24,Quebec / Québec,0,1,0,0,0,0,0,1,3,0,0
4620594.01,0594.01,462,Montréal,B,24462,24,Quebec / Québec,0,0,0,0,1,0,0,0,1,0,0
9330185.18,0185.18,933,Vancouver,B,59933,59,British Columbia / Colombie-Britannique,0,0,0,0,0,0,0,0,0,0,0
5350550.01,0550.01,535,Toronto,B,35535,35,Ontario,0,10,0,0,20,0,1,3,8,0,0
4620688.04,0688.04,462,Montréal,B,24462,24,Quebec / Québec,1,0,1,0,1,1,0,0,0,0,0
5750010.00,0010.00,575,North Bay,K,35575,35,Ontario,0,0,0,1,5,0,0,0,0,0,0
9350120.00,0120.00,935,Victoria,B,59935,59,British Columbia / Colombie-Britannique,1,0,0,0,0,1,0,0,1,0,0
5370063.00,0063.00,537,Hamilton,B,35537,35,Ontario,0,0,2,0,9,2,2,0,0,0,1
5950022.05,0022.05,595,Thunder Bay,B,35595,35,Ontario,0,0,0,0,1,0,0,0,3,0,0
5220003.00,0003.00,522,Belleville,K,35522,35,Ontario,1,1,1,1,0,0,0,0,0,0,0
9330187.03,0187.03,933,Vancouver,B,59933,59,British Columbia / Colombie-Britannique,0,1,0,0,1,1,1,0,0,0,0
5350528.24,0528.24,535,Toronto,B,35535,35,Ontario,1,0,1,0,2,0,1,0,0,0,0
4620701.01,0701.01,462,Montréal,B,24462,24,Quebec / Québec,0,0,0,0,0,0,0,0,0,0,0
4620592.00,0592.00,462,Montréal,B,24462,24,Quebec / Québec,1,3,0,0,10,1,0,0,0,0,0
5350576.39,0576.39,535,Toronto,B,35535,35,Ontario,0,1,0,0,0,0,0,1,0,0,0
9700011.00,0011.00,970,Prince George,K,59970,59,British Columbia / Colombie-Britannique,0,0,2,0,4,0,0,1,2,0,0
5550001.07,0001.07,555,London,B,35555,35,Ontario,0,0,0,0,0,0,0,0,0,0,0
8350033.01,0033.01,835,Edmonton,B,48835,48,Alberta,12,38,4,1,35,18,8,8,13,0,0
5370082.00,0082.00,537,Hamilton,B,35537,35,Ontario,0,2,1,0,0,0,0,0,0,0,1
8350049.00,0049.00,835,Edmonton,B,48835,48,Alberta,1,1,2,0,3,0,0,1,0,0,0
7050015.00,0015.00,705,Regina,B,47705,47,Saskatchewan,0,5,0,0,5,0,0,0,4,0,0
4620112.01,0112.01,462,Montréal,B,24462,24,Quebec / Québec,0,0,1,0,8,0,0,0,1,0,0
8250204.03,0204.03,825,Calgary,B,48825,48,Alberta,0,0,0,0,0,0,0,0,0,0,0
5430014.01,0014.01,543,Brantford,B,35543,35,Ontario,0,0,0,0,0,0,0,1,0,0,1
5350831.01,0831.01,535,Toronto,B,35535,35,Ontario,0,4,0,0,3,0,1,0,0,0,0
5800162.00,0162.00,580,Greater Sudbury / Grand Sudbury,B,35580,35,Ontario,1,1,0,0,2,1,0,0,0,0,0
5680004.06,0004.06,568,Barrie,B,35568,35,Ontario,0,0,0,0,0,0,0,0,0,0,0
5550044.07,0044.07,555,London,B,35555,35,Ontario,0,0,0,0,1,0,0,0,0,0,0
8100017.01,0017.01,810,Lethbridge,K,48810,48,Alberta,0,0,0,0,0,0,1,0,0,0,0
0010015.03,0015.03,001,St. John's,B,10001,10,Newfoundland and Labrador / Terre-Neuve-et-Labrador,0,0,2,0,4,0,0,0,1,0,0
4620651.02,0651.02,462,Montréal,B,24462,24,Quebec / Québec,0,0,0,0,1,0,0,1,0,0,0
4620605.02,0605.02,462,Montréal,B,24462,24,Quebec / Québec,0,1,0,0,0,0,0,0,0,0,0
5430014.03,0014.03,543,Brantford,B,35543,35,Ontario,1,2,1,0,0,0,0,0,0,0,0
8250023.00,0023.00,825,Calgary,B,48825,48,Alberta,0,0,0,0,2,1,1,0,0,0,0
6020030.00,0030.00,602,Winnipeg,B,46602,46,Manitoba,0,2,0,0,0,0,0,0,0,0,0
4621000.00,1000.00,462,Montréal,B,24462,24,Quebec / Québec,0,1,1,0,2,1,0,1,0,0,0
8250001.32,0001.32,825,Calgary,B,48825,48,Alberta,0,0,0,0,1,1,1,0,0,0,0
8350142.02,0142.02,835,Edmonton,B,48835,48,Alberta,2,5,1,0,3,2,3,1,1,0,0
5590102.00,0102.00,559,Windsor,B,35559,35,Ontario,0,1,0,0,2,1,0,0,1,0,0
5050600.00,0600.00,505,Ottawa - Gatineau (partie du Québec / Quebec part),B,24505,24,Quebec / Québec,0,3,0,0,2,4,1,1,1,0,0
5680001.01,0001.01,568,Barrie,B,35568,35,Ontario,0,0,2,0,0,0,0,0,0,0,0
5350420.05,0420.05,535,Toronto,B,35535,35,Ontario,4,22,1,0,7,3,0,2,4,0,0
5590032.00,0032.00,559,Windsor,B,35559,35,Ontario,1,24,1,0,11,19,1,1,3,0,0
5590101.03,0101.03,559,Windsor,B,35559,35,Ontario,0,1,0,0,0,0,1,0,0,0,0
9330008.02,0008.02,933,Vancouver,B,59933,59,British Columbia / Colombie-Britannique,0,1,0,0,2,0,1,0,0,0,0
4620605.01,0605.01,462,Montréal,B,24462,24,Quebec / Québec,0,4,0,0,1,0,0,1,0,0,0
5550009.02,0009.02,555,London,B,35555,35,Ontario,0,1,1,0,0,0,0,0,0,0,0
4080120.02,0120.02,408,Saguenay,B,24408,24,Quebec / Québec,0,2,0,0,5,1,0,0,2,0,0
9300002.00,0002.00,930,Chilliwack,K,59930,59,British Columbia / Colombie-Britannique,0,0,0,0,0,0,0,0,0,0,0
8250002.04,0002.04,825,Calgary,B,48825,48,Alberta,1,4,0,5,5,2,6,0,2,0,0
5750016.00,0016.00,575,North Bay,K,35575,35,Ontario,0,0,0,0,1,0,1,1,0,0,0
8350075.10,0075.10,835,Edmonton,B,48835,48,Alberta,0,1,0,0,0,0,1,1,0,0,0
5350516.38,0516.38,535,Toronto,B,35535,35,Ontario,0,0,0,0,0,0,0,0,0,0,0
8050011.00,0011.00,805,Medicine Hat,K,48805,48,Alberta,0,1,3,0,1,0,0,0,1,0,0
5350610.02,0610.02,535,Toronto,B,35535,35,Ontario,0,0,1,0,0,0,0,0,0,0,0
6020103.00,0103.00,602,Winnipeg,B,46602,46,Manitoba,0,2,0,0,4,0,0,0,0,0,0
4620903.10,0903.10,462,Montréal,B,24462,24,Quebec / Québec,0,0,0,0,2,0,1,0,0,0,0
7250003.00,0003.00,725,Saskatoon,B,47725,47,Saskatchewan,0,2,0,0,1,1,1,0,0,0,0
9330410.04,0410.04,933,Vancouver,B,59933,59,British Columbia / Colombie-Britannique,0,0,0,0,1,1,1,0,1,0,0
3050102.01,0102.01,305,Moncton,B,13305,13,New Brunswick / Nouveau-Brunswick,0,3,0,0,2,1,0,0,1,0,0
5350291.01,0291.01,535,Toronto,B,35535,35,Ontario,0,3,0,0,1,0,0,0,0,0,1
4210032.00,0032.00,421,Québec,B,24421,24,Quebec / Québec,2,0,0,1,4,0,0,0,0,0,0
9330242.00,0242.00,933,Vancouver,B,59933,59,British Columbia / Colombie-Britannique,0,1,0,0,3,0,0,0,0,0,0
5350322.02,0322.02,535,Toronto,B,35535,35,Ontario,2,1,1,0,0,0,0,0,1,0,0
8100017.03,0017.03,810,Lethbridge,K,48810,48,Alberta,0,0,0,0,1,0,0,0,0,0,0
4620615.00,0615.00,462,Montréal,B,24462,24,Quebec / Québec,0,2,4,0,0,0,0,1,0,0,0
5350130.00,0130.00,535,Toronto,B,35535,35,Ontario,0,10,0,0,2,0,0,1,0,0,0
4620694.00,0694.00,462,Montréal,B,24462,24,Quebec / Québec,0,1,1,1,0,1,0,0,0,0,0
5350262.01,0262.01,535,Toronto,B,35535,35,Ontario,0,5,0,0,1,0,0,0,0,0,1
9350171.00,0171.00,935,Victoria,B,59935,59,British Columbia / Colombie-Britannique,0,0,3,0,0,0,0,0,1,0,0
9330230.02,0230.02,933,Vancouver,B,59933,59,British Columbia / Colombie-Britannique,0,2,0,0,9,0,0,2,0,0,0
4620570.00,0570.00,462,Montréal,B,24462,24,Quebec / Québec,0,0,0,1,6,2,0,1,0,0,0
4620137.00,0137.00,462,Montréal,B,24462,24,Quebec / Québec,1,0,0,0,1,2,0,0,0,0,0
4620735.01,0735.01,462,Montréal,B,24462,24,Quebec / Québec,0,1,2,0,1,3,0,0,1,0,0
5950022.03,0022.03,595,Thunder Bay,B,35595,35,Ontario,0,0,0,0,0,0,0,0,0,0,0
5350011.00,0011.00,535,Toronto,B,35535,35,Ontario,2,41,5,13,38,59,1,3,13,0,0
5350378.18,0378.18,535,Toronto,B,35535,35,Ontario,0,0,0,0,0,0,0,0,0,0,0
5050002.01,0002.01,505,Ottawa - Gatineau (Ontario part / partie de l'Ontario),B,35505,35,Ontario,0,1,0,2,2,0,0,0,0,0,0
5350268.00,0268.00,535,Toronto,B,35535,35,Ontario,0,8,1,0,3,0,0,0,0,0,0
4620281.00,0281.00,462,Montréal,B,24462,24,Quebec / Québec,1,1,0,0,3,2,0,0,0,0,0
5350530.02,0530.02,535,Toronto,B,35535,35,Ontario,0,1,0,0,0,0,0,0,0,0,0
5320008.07,0008.07,532,Oshawa,B,35532,35,Ontario,0,0,0,0,0,0,0,0,0,0,0
9250008.00,0008.00,925,Kamloops,K,59925,59,British Columbia / Colombie-Britannique,0,0,1,0,0,0,0,0,6,0,0
4210830.02,0830.02,421,Québec,B,24421,24,Quebec / Québec,0,4,0,2,6,0,0,0,1,0,0
8100015.00,0015.00,810,Lethbridge,K,48810,48,Alberta,1,0,0,0,0,0,1,0,0,0,0
8250076.13,0076.13,825,Calgary,B,48825,48,Alberta,0,0,0,0,1,0,2,0,0,0,0
7050101.02,0101.02,705,Regina,B,47705,47,Saskatchewan,0,0,0,0,0,0,0,0,0,0,0
8350078.16,0078.16,835,Edmonton,B,48835,48,Alberta,0,0,0,0,1,0,0,0,0,0,0
8350060.01,0060.01,835,Edmonton,B,48835,48,Alberta,0,0,0,0,3,1,3,1,0,0,0
2050112.00,0112.00,205,Halifax,B,12205,12,Nova Scotia / Nouvelle-Écosse,0,0,0,0,0,0,0,0,4,0,0
9330161.01,0161.01,933,Vancouver,B,59933,59,British Columbia / Colombie-Britannique,2,3,1,0,8,0,1,0,4,0,0
4620262.00,0262.00,462,Montréal,B,24462,24,Quebec / Québec,0,0,0,1,0,1,0,0,0,0,0
6020004.01,0004.01,602,Winnipeg,B,46602,46,Manitoba,0,1,1,0,3,0,0,1,0,0,0
5350092.00,0092.00,535,Toronto,B,35535,35,Ontario,1,10,0,1,6,1,0,0,4,0,0
4210014.00,0014.00,421,Québec,B,24421,24,Quebec / Québec,0,3,1,0,2,2,1,0,2,0,0
4590201.00,0201.00,459,Saint-Jean-sur-Richelieu,K,24459,24,Quebec / Québec,0,0,1,0,2,0,2,0,0,0,0
4620314.00,0314.00,462,Montréal,B,24462,24,Quebec / Québec,0,0,1,0,1,0,0,0,1,0,0
5350803.03,0803.03,535,Toronto,B,35535,35,Ontario,0,3,0,0,1,1,0,1,1,0,0
4620857.11,0857.11,462,Montréal,B,24462,24,Quebec / Québec,0,0,0,0,1,1,0,0,1,0,0
4620325.05,0325.05,462,Montréal,B,24462,24,Quebec / Québec,0,0,0,0,1,1,0,0,0,0,0
5680001.06,0001.06,568,Barrie,B,35568,35,Ontario,0,0,0,0,0,0,0,0,0,0,0
5590043.01,0043.01,559,Windsor,B,35559,35,Ontario,0,0,0,0,0,0,0,0,0,0,0
9330236.00,0236.00,933,Vancouver,B,59933,59,British Columbia / Colombie-Britannique,0,0,0,0,3,0,1,0,0,0,0
5620101.02,0101.02,562,Sarnia,K,35562,35,Ontario,0,1,1,0,0,0,0,0,0,0,0
9380006.00,0006.00,938,Nanaimo,K,59938,59,British Columbia / Colombie-Britannique,1,7,3,0,2,0,1,0,7,0,0
5350563.02,0563.02,535,Toronto,B,35535,35,Ontario,0,0,0,0,0,0,0,0,0,0,0
5550014.00,0014.00,555,London,B,35555,35,Ontario,0,0,0,0,1,0,0,0,0,0,0
4210115.00,0115.00,421,Québec,B,24421,24,Quebec / Québec,0,9,1,1,15,1,1,3,5,0,0
5900018.02,0018.02,590,Sault Ste. Marie,K,35590,35,Ontario,0,0,0,2,2,0,0,1,4,0,0
9320008.01,0008.01,932,Abbotsford - Mission,B,59932,59,British Columbia / Colombie-Britannique,0,0,0,0,0,0,1,0,0,0,0
4620391.00,0391.00,462,Montréal,B,24462,24,Quebec / Québec,1,1,1,0,4,0,0,0,0,0,0
5050151.03,0151.03,505,Ottawa - Gatineau (Ontario part / partie de l'Ontario),B,35505,35,Ontario,0,1,2,0,3,1,1,0,1,1,0
5590160.01,0160.01,559,Windsor,B,35559,35,Ontario,0,0,0,0,0,0,0,0,1,0,0
4620323.00,0323.00,462,Montréal,B,24462,24,Quebec / Québec,3,0,2,0,3,0,1,0,0,0,0
9150019.03,0019.03,915,Kelowna,B,59915,59,British Columbia / Colombie-Britannique,0,0,0,0,0,0,0,0,3,0,0
6020585.00,0585.00,602,Winnipeg,B,46602,46,Manitoba,0,0,0,0,1,0,0,0,0,0,0
9330187.16,0187.16,933,Vancouver,B,59933,59,British Columbia / Colombie-Britannique,0,0,0,0,0,0,0,0,0,0,0
6020105.00,0105.00,602,Winnipeg,B,46602,46,Manitoba,0,0,0,0,5,1,0,0,1,0,0
4620776.00,0776.00,462,Montréal,B,24462,24,Quebec / Québec,0,0,1,0,0,2,1,0,0,0,0
9320105.00,0105.00,932,Abbotsford - Mission,B,59932,59,British Columbia / Colombie-Britannique,0,0,1,0,0,0,0,0,1,0,0
5350625.00,0625.00,535,Toronto,B,35535,35,Ontario,0,1,0,1,6,0,0,0,3,0,0
8350007.02,0007.02,835,Edmonton,B,48835,48,Alberta,0,2,0,0,1,0,1,0,0,0,0
8350042.01,0042.01,835,Edmonton,B,48835,48,Alberta,0,0,0,0,1,0,0,0,0,0,0
4620016.00,0016.00,462,Montréal,B,24462,24,Quebec / Québec,2,0,5,1,1,1,0,0,0,0,0
4620826.09,0826.09,462,Montréal,B,24462,24,Quebec / Québec,0,0,1,1,1,0,1,0,3,0,0
5550204.01,0204.01,555,London,B,35555,35,Ontario,1,1,1,0,4,0,2,0,0,0,0
5350612.22,0612.22,535,Toronto,B,35535,35,Ontario,0,0,0,0,0,0,0,0,0,0,0
5390220.02,0220.02,539,St. Catharines - Niagara,B,35539,35,Ontario,0,3,2,0,4,0,2,0,1,0,0
6020520.02,0520.02,602,Winnipeg,B,46602,46,Manitoba,0,0,0,0,0,0,0,0,0,0,0
5320008.01,0008.01,532,Oshawa,B,35532,35,Ontario,0,0,2,0,0,1,0,0,2,0,0
3100005.00,0005.00,310,Saint John,B,13310,13,New Brunswick / Nouveau-Brunswick,1,0,0,0,2,1,0,0,0,0,0
5550045.00,0045.00,555,London,B,35555,35,Ontario,0,1,0,0,3,0,0,0,0,0,0
9330055.01,0055.01,933,Vancouver,B,59933,59,British Columbia / Colombie-Britannique,0,3,0,1,2,0,0,1,0,0,0
5350413.00,0413.00,535,Toronto,B,35535,35,Ontario,0,3,1,0,0,1,0,0,0,0,0
4590401.00,0401.00,459,Saint-Jean-sur-Richelieu,K,24459,24,Quebec / Québec,0,0,0,0,0,0,0,0,0,0,0
4210850.04,0850.04,421,Québec,B,24421,24,Quebec / Québec,0,1,0,0,0,0,1,0,1,0,0
5350320.02,0320.02,535,Toronto,B,35535,35,Ontario,0,2,0,0,1,0,0,0,0,0,0
4210039.01,0039.01,421,Québec,B,24421,24,Quebec / Québec,1,6,2,0,9,2,0,3,10,0,0
8250206.03,0206.03,825,Calgary,B,48825,48,Alberta,2,2,1,0,1,1,3,2,2,0,0
5390334.01,0334.01,539,St. Catharines - Niagara,B,35539,35,Ontario,0,2,1,0,6,1,1,0,2,0,1
7250011.03,0011.03,725,Saskatoon,B,47725,47,Saskatchewan,0,0,0,0,3,0,0,0,0,0,0
5050122.01,0122.01,505,Ottawa - Gatineau (Ontario part / partie de l'Ontario),B,35505,35,Ontario,1,1,0,0,5,1,0,0,3,0,0
4620582.01,0582.01,462,Montréal,B,24462,24,Quebec / Québec,1,1,4,0,1,1,1,0,0,0,0
5370001.02,0001.02,537,Hamilton,B,35537,35,Ontario,0,2,0,0,1,0,0,0,0,0,0
5390101.00,0101.00,539,St. Catharines - Niagara,B,35539,35,Ontario,0,0,0,0,1,0,0,0,0,0,0
8250049.01,0049.01,825,Calgary,B,48825,48,Alberta,0,1,0,0,2,1,0,1,1,0,0
4080162.00,0162.00,408,Saguenay,B,24408,24,Quebec / Québec,0,1,2,0,3,3,0,0,2,0,0
5350299.02,0299.02,535,Toronto,B,35535,35,Ontario,0,7,1,0,3,0,0,3,1,0,0
4620268.02,0268.02,462,Montréal,B,24462,24,Quebec / Québec,0,1,0,0,2,0,0,0,0,0,0
9330205.01,0205.01,933,Vancouver,B,59933,59,British Columbia / Colombie-Britannique,1,2,0,0,4,1,2,0,4,0,0
5590101.01,0101.01,559,Windsor,B,35559,35,Ontario,0,0,1,0,0,0,0,0,0,0,0
4210113.02,0113.02,421,Québec,B,24421,24,Quebec / Québec,0,5,1,0,0,0,0,0,1,0,0
4620676.03,0676.03,462,Montréal,B,24462,24,Quebec / Québec,1,1,1,0,2,2,1,0,1,0,0
5390018.03,0018.03,539,St. Catharines - Niagara,B,35539,35,Ontario,0,1,0,0,3,4,0,0,2,0,0
5680103.02,0103.02,568,Barrie,B,35568,35,Ontario,0,1,1,0,1,0,1,0,0,0,0
4620684.11,0684.11,462,Montréal,B,24462,24,Quebec / Québec,0,0,1,0,1,0,0,0,0,0,0
4210190.00,0190.00,421,Québec,B,24421,24,Quebec / Québec,0,0,0,0,0,0,0,0,2,0,0
4620265.00,0265.00,462,Montréal,B,24462,24,Quebec / Québec,0,3,1,0,4,2,0,0,0,0,1
8250002.07,0002.07,825,Calgary,B,48825,48,Alberta,0,0,0,0,0,0,0,0,0,0,0
5370002.04,0002.04,537,Hamilton,B,35537,35,Ontario,0,0,0,0,0,0,0,0,0,0,0
4470012.00,0012.00,447,Drummondville,K,24447,24,Quebec / Québec,0,0,0,0,0,0,0,0,0,0,0
0010200.02,0200.02,001,St. John's,B,10001,10,Newfoundland and Labrador / Terre-Neuve-et-Labrador,0,0,1,0,1,1,1,0,1,0,0
6020560.01,0560.01,602,Winnipeg,B,46602,46,Manitoba,0,0,0,0,0,0,0,0,0,0,0
6020532.00,0532.00,602,Winnipeg,B,46602,46,Manitoba,0,0,0,0,4,2,0,1,2,0,0
8350050.00,0050.00,835,Edmonton,B,48835,48,Alberta,2,1,0,0,6,0,2,0,4,0,0
5050160.11,0160.11,505,Ottawa - Gatineau (Ontario part / partie de l'Ontario),B,35505,35,Ontario,1,6,2,0,3,0,0,5,1,1,0
8350005.09,0005.09,835,Edmonton,B,48835,48,Alberta,0,0,0,0,0,0,0,0,0,0,0
8350032.02,0032.02,835,Edmonton,B,48835,48,Alberta,3,9,1,0,6,1,0,0,1,0,0
5370207.04,0207.04,537,Hamilton,B,35537,35,Ontario,0,0,0,0,0,0,0,0,0,0,0
5350240.01,0240.01,535,Toronto,B,35535,35,Ontario,0,0,0,0,1,1,0,0,0,0,0
4620048.00,0048.00,462,Montréal,B,24462,24,Quebec / Québec,0,1,0,0,0,1,0,0,0,0,0
5370223.10,0223.10,537,Hamilton,B,35537,35,Ontario,0,0,0,0,0,0,0,0,0,0,0
4620659.04,0659.04,462,Montréal,B,24462,24,Quebec / Québec,0,2,0,0,0,0,0,0,0,0,0
5680103.01,0103.01,568,Barrie,B,35568,35,Ontario,0,0,0,0,1,0,1,0,0,0,0
9330149.06,0149.06,933,Vancouver,B,59933,59,British Columbia / Colombie-Britannique,0,1,0,0,0,0,1,0,0,0,0
5350294.02,0294.02,535,Toronto,B,35535,35,Ontario,0,0,0,0,0,0,0,0,0,0,0
5350801.01,0801.01,535,Toronto,B,35535,35,Ontario,0,0,0,0,0,0,0,0,0,0,0
5220401.00,0401.00,522,Belleville,K,35522,35,Ontario,0,3,1,0,3,0,1,1,2,0,0
4620190.01,0190.01,462,Montréal,B,24462,24,Quebec / Québec,0,3,0,0,1,0,0,2,0,0,0
5410126.08,0126.08,541,Kitchener - Cambridge - Waterloo,B,35541,35,Ontario,0,0,0,0,0,1,0,0,0,0,0
8350163.06,0163.06,835,Edmonton,B,48835,48,Alberta,0,0,1,0,1,0,2,0,0,0,0
5550020.01,0020.01,555,London,B,35555,35,Ontario,0,0,2,0,1,0,0,0,0,0,0
9330007.01,0007.01,933,Vancouver,B,59933,59,British Columbia / Colombie-Britannique,0,1,0,0,3,0,0,0,0,0,0
5350606.00,0606.00,535,Toronto,B,35535,35,Ontario,0,12,1,0,7,1,1,3,0,0,0
4210033.01,0033.01,421,Québec,B,24421,24,Quebec / Québec,0,1,0,1,2,0,0,0,0,0,0
5680010.00,0010.00,568,Barrie,B,35568,35,Ontario,0,0,2,0,0,0,0,0,0,0,0
5370216.00,0216.00,537,Hamilton,B,35537,35,Ontario,0,2,1,0,1,0,0,0,1,0,0
5050700.04,0700.04,505,Ottawa - Gatineau (partie du Québec / Quebec part),B,24505,24,Quebec / Québec,0,0,0,0,0,1,0,0,0,0,0
8100105.00,0105.00,810,Lethbridge,K,48810,48,Alberta,0,0,0,0,0,0,0,0,0,0,0
5800194.00,0194.00,580,Greater Sudbury / Grand Sudbury,B,35580,35,Ontario,0,0,0,0,6,0,0,0,2,0,1
6020012.00,0012.00,602,Winnipeg,B,46602,46,Manitoba,0,9,3,0,10,2,0,1,2,1,0
2050024.00,0024.00,205,Halifax,B,12205,12,Nova Scotia / Nouvelle-Écosse,0,0,0,0,3,1,0,0,1,0,1
4210006.00,0006.00,421,Québec,B,24421,24,Quebec / Québec,0,1,4,1,4,1,0,0,0,0,0
5350316.05,0316.05,535,Toronto,B,35535,35,Ontario,0,0,0,0,0,0,0,0,0,0,0
4620685.05,0685.05,462,Montréal,B,24462,24,Quebec / Québec,1,3,3,0,5,1,1,0,0,0,0
5320202.10,0202.10,532,Oshawa,B,35532,35,Ontario,0,0,0,1,0,1,0,0,2,0,0
8350104.20,0104.20,835,Edmonton,B,48835,48,Alberta,0,0,0,0,0,0,3,0,0,0,0
5350375.02,0375.02,535,Toronto,B,35535,35,Ontario,0,1,1,0,0,0,0,0,0,0,0
5320202.04,0202.04,532,Oshawa,B,35532,35,Ontario,0,0,0,1,2,0,0,0,0,0,0
5800100.00,0100.00,580,Greater Sudbury / Grand Sudbury,B,35580,35,Ontario,0,0,0,0,0,0,1,0,0,0,0
5680016.00,0016.00,568,Barrie,B,35568,35,Ontario,2,3,1,0,4,0,2,0,1,2,1
4620888.01,0888.01,462,Montréal,B,24462,24,Quebec / Québec,0,1,0,0,0,0,0,1,0,0,0
8100103.00,0103.00,810,Lethbridge,K,48810,48,Alberta,0,0,0,0,1,0,1,0,0,0,0
4620367.00,0367.00,462,Montréal,B,24462,24,Quebec / Québec,0,1,1,0,1,0,0,0,0,0,0
4620291.01,0291.01,462,Montréal,B,24462,24,Quebec / Québec,0,0,1,0,0,0,0,0,0,0,0
5550012.00,0012.00,555,London,B,35555,35,Ontario,1,2,1,1,4,1,3,1,1,0,0
5050602.02,0602.02,505,Ottawa - Gatineau (partie du Québec / Quebec part),B,24505,24,Quebec / Québec,0,1,0,0,4,1,1,1,1,0,0
4620055.01,0055.01,462,Montréal,B,24462,24,Quebec / Québec,1,86,3,8,39,10,5,9,23,1,1
4330002.00,0002.00,433,Sherbrooke,B,24433,24,Quebec / Québec,0,0,0,0,6,1,0,0,0,0,0
5350334.00,0334.00,535,Toronto,B,35535,35,Ontario,0,0,0,0,1,0,0,0,3,0,0
9150101.00,0101.00,915,Kelowna,B,59915,59,British Columbia / Colombie-Britannique,0,0,0,0,0,0,0,0,0,0,0
5350012.02,0012.02,535,Toronto,B,35535,35,Ontario,0,2,0,0,2,1,1,2,2,0,0
5350805.08,0805.08,535,Toronto,B,35535,35,Ontario,0,0,0,0,0,0,0,0,0,0,0
8250001.33,0001.33,825,Calgary,B,48825,48,Alberta,0,0,0,0,0,0,0,0,0,0,0
7050100.05,0100.05,705,Regina,B,47705,47,Saskatchewan,0,0,0,0,0,0,0,0,0,0,0
4210026.00,0026.00,421,Québec,B,24421,24,Quebec / Québec,0,0,0,0,5,2,1,2,3,1,0
5370133.01,0133.01,537,Hamilton,B,35537,35,Ontario,0,0,0,0,0,0,0,0,0,0,0
8350002.02,0002.02,835,Edmonton,B,48835,48,Alberta,0,0,0,0,1,0,0,0,1,0,0
4620312.00,0312.00,462,Montréal,B,24462,24,Quebec / Québec,0,1,0,0,0,0,0,0,0,0,0
8250051.00,0051.00,825,Calgary,B,48825,48,Alberta,0,4,0,0,7,1,1,0,1,0,0
5220404.00,0404.00,522,Belleville,K,35522,35,Ontario,0,0,0,0,1,0,1,0,1,0,0
4620530.00,0530.00,462,Montréal,B,24462,24,Quebec / Québec,0,1,3,1,4,1,0,0,0,0,0
4210801.00,0801.00,421,Québec,B,24421,24,Quebec / Québec,0,0,3,1,4,1,0,0,0,0,0
5050612.01,0612.01,505,Ottawa - Gatineau (partie du Québec / Quebec part),B,24505,24,Quebec / Québec,0,0,1,0,1,1,1,0,0,0,0
5050047.00,0047.00,505,Ottawa - Gatineau (Ontario part / partie de l'Ontario),B,35505,35,Ontario,0,0,0,0,0,0,0,0,0,0,0
8250075.01,0075.01,825,Calgary,B,48825,48,Alberta,1,1,0,0,2,1,2,1,0,0,0
8350074.00,0074.00,835,Edmonton,B,48835,48,Alberta,0,0,0,0,0,0,1,1,0,0,0
7250018.04,0018.04,725,Saskatoon,B,47725,47,Saskatchewan,0,0,0,0,0,0,0,0,0,0,0
4620887.03,0887.03,462,Montréal,B,24462,24,Quebec / Québec,0,1,0,0,1,0,0,0,0,0,0
5050811.01,0811.01,505,Ottawa - Gatineau (partie du Québec / Quebec part),B,24505,24,Quebec / Québec,0,0,0,0,3,1,0,0,0,0,0
3100001.02,0001.02,310,Saint John,B,13310,13,New Brunswick / Nouveau-Brunswick,0,0,0,0,1,0,0,0,0,0,0
5590173.00,0173.00,559,Windsor,B,35559,35,Ontario,0,0,0,0,0,0,0,0,0,0,0
4620470.05,0470.05,462,Montréal,B,24462,24,Quebec / Québec,0,2,0,0,2,0,0,1,0,0,0
9380014.00,0014.00,938,Nanaimo,K,59938,59,British Columbia / Colombie-Britannique,0,0,2,0,5,1,1,1,0,0,0
5590033.00,0033.00,559,Windsor,B,35559,35,Ontario,2,4,1,1,8,3,0,1,3,0,0
4620092.00,0092.00,462,Montréal,B,24462,24,Quebec / Québec,1,4,0,0,2,2,0,0,0,0,0
5390017.01,0017.01,539,St. Catharines - Niagara,B,35539,35,Ontario,0,0,0,0,0,0,0,0,0,0,0
4620726.04,0726.04,462,Montréal,B,24462,24,Quebec / Québec,0,0,0,1,0,0,0,0,0,0,0
5350461.02,0461.02,535,Toronto,B,35535,35,Ontario,0,2,1,0,3,0,1,0,2,0,0
8350161.02,0161.02,835,Edmonton,B,48835,48,Alberta,1,2,1,0,1,0,3,0,0,0,1
6020051.02,0051.02,602,Winnipeg,B,46602,46,Manitoba,0,0,0,1,0,0,0,0,0,0,0
5370122.02,0122.02,537,Hamilton,B,35537,35,Ontario,0,1,1,0,3,1,0,0,0,0,0
4620658.01,0658.01,462,Montréal,B,24462,24,Quebec / Québec,0,0,0,0,0,0,0,0,0,0,0
8350160.01,0160.01,835,Edmonton,B,48835,48,Alberta,0,0,0,0,0,0,0,0,0,0,0
4210230.02,0230.02,421,Québec,B,24421,24,Quebec / Québec,0,1,0,0,1,1,1,0,0,0,0
8250064.00,0064.00,825,Calgary,B,48825,48,Alberta,0,4,3,0,5,1,4,0,3,0,0
3100020.00,0020.00,310,Saint John,B,13310,13,New Brunswick / Nouveau-Brunswick,0,0,2,0,0,0,0,0,1,0,0
4620066.02,0066.02,462,Montréal,B,24462,24,Quebec / Québec,1,2,1,1,2,2,0,0,1,0,0
5050124.04,0124.04,505,Ottawa - Gatineau (Ontario part / partie de l'Ontario),B,35505,35,Ontario,0,1,0,0,0,0,0,0,0,0,0
7250014.00,0014.00,725,Saskatoon,B,47725,47,Saskatchewan,1,2,0,2,4,0,0,0,2,0,0
5050900.00,0900.00,505,Ottawa - Gatineau (partie du Québec / Quebec part),B,24505,24,Quebec / Québec,0,0,0,0,0,0,0,0,0,0,0
4590101.00,0101.00,459,Saint-Jean-sur-Richelieu,K,24459,24,Quebec / Québec,0,0,0,0,0,0,0,0,0,0,0
4620040.00,0040.00,462,Montréal,B,24462,24,Quebec / Québec,0,0,0,0,2,0,0,0,0,0,0
5370046.00,0046.00,537,Hamilton,B,35537,35,Ontario,0,0,2,0,0,0,0,0,1,0,0
8250076.09,0076.09,825,Calgary,B,48825,48,Alberta,2,1,0,0,0,1,2,0,0,0,0
8250069.00,0069.00,825,Calgary,B,48825,48,Alberta,0,0,0,0,1,0,0,0,0,0,0
5350402.03,0402.03,535,Toronto,B,35535,35,Ontario,2,1,0,0,0,0,0,0,0,0,0
5390306.00,0306.00,539,St. Catharines - Niagara,B,35539,35,Ontario,2,17,0,0,10,1,0,1,0,0,0
5370085.02,0085.02,537,Hamilton,B,35537,35,Ontario,0,0,0,0,0,0,0,0,0,0,0
8350078.07,0078.07,835,Edmonton,B,48835,48,Alberta,0,0,0,0,0,1,0,0,0,0,0
5350421.04,0421.04,535,Toronto,B,35535,35,Ontario,0,1,0,0,0,0,0,0,0,0,0
8350101.01,0101.01,835,Edmonton,B,48835,48,Alberta,3,2,1,0,3,1,3,1,2,0,0
4620326.01,0326.01,462,Montréal,B,24462,24,Quebec / Québec,0,1,0,0,1,3,1,2,0,0,0
5350305.04,0305.04,535,Toronto,B,35535,35,Ontario,2,1,1,0,0,0,0,0,0,0,0
9330050.04,0050.04,933,Vancouver,B,59933,59,British Columbia / Colombie-Britannique,0,2,0,1,2,0,0,0,0,0,1
4620806.02,0806.02,462,Montréal,B,24462,24,Quebec / Québec,0,3,0,0,3,1,0,0,0,0,0
4620850.05,0850.05,462,Montréal,B,24462,24,Quebec / Québec,0,0,0,0,0,0,0,0,0,0,0
4620860.01,0860.01,462,Montréal,B,24462,24,Quebec / Québec,0,0,0,0,0,0,0,0,0,0,0
5350021.00,0021.00,535,Toronto,B,35535,35,Ontario,0,5,0,0,4,1,1,0,1,0,0
9330133.01,0133.01,933,Vancouver,B,59933,59,British Columbia / Colombie-Britannique,0,3,0,0,2,1,0,1,2,0,0
6020101.01,0101.01,602,Winnipeg,B,46602,46,Manitoba,0,0,1,0,3,0,0,1,0,0,0
5370057.00,0057.00,537,Hamilton,B,35537,35,Ontario,0,0,0,0,1,2,0,0,0,0,1
2050130.04,0130.04,205,Halifax,B,12205,12,Nova Scotia / Nouvelle-Écosse,0,0,0,0,1,0,1,0,1,0,0
8350101.02,0101.02,835,Edmonton,B,48835,48,Alberta,5,7,1,0,4,4,3,3,0,0,1
5350570.02,0570.02,535,Toronto,B,35535,35,Ontario,0,1,0,0,0,0,0,0,0,0,0
5680012.02,0012.02,568,Barrie,B,35568,35,Ontario,0,3,0,1,1,0,0,1,0,0,0
8250001.02,0001.02,825,Calgary,B,48825,48,Alberta,3,3,2,0,4,3,3,1,2,0,0
8250037.00,0037.00,825,Calgary,B,48825,48,Alberta,0,4,0,0,5,2,2,4,0,0,0
8100018.00,0018.00,810,Lethbridge,K,48810,48,Alberta,0,0,1,0,0,0,1,0,0,0,0
9150104.00,0104.00,915,Kelowna,B,59915,59,British Columbia / Colombie-Britannique,1,1,1,0,1,0,1,0,4,0,0
4620605.03,0605.03,462,Montréal,B,24462,24,Quebec / Québec,0,0,0,0,2,0,0,0,0,0,0
5390320.00,0320.00,539,St. Catharines - Niagara,B,35539,35,Ontario,0,0,0,0,3,0,0,0,1,0,0
5220012.00,0012.00,522,Belleville,K,35522,35,Ontario,0,2,1,0,1,0,0,3,3,0,0
5550002.04,0002.04,555,London,B,35555,35,Ontario,0,0,0,0,3,0,0,0,0,0,0
4210320.07,0320.07,421,Québec,B,24421,24,Quebec / Québec,0,0,1,0,0,0,0,0,0,0,0
4500007.00,0007.00,450,Granby,K,24450,24,Quebec / Québec,1,0,1,0,3,0,0,0,0,0,0
5050140.03,0140.03,505,Ottawa - Gatineau (Ontario part / partie de l'Ontario),B,35505,35,Ontario,0,0,0,0,2,0,0,0,0,0,0
5370043.00,0043.00,537,Hamilton,B,35537,35,Ontario,0,1,0,0,0,0,0,0,0,0,0
9330234.00,0234.00,933,Vancouver,B,59933,59,British Columbia / Colombie-Britannique,0,1,0,0,2,0,0,0,0,0,0
5350401.07,0401.07,535,Toronto,B,35535,35,Ontario,0,4,1,0,3,4,1,1,1,0,0
6020537.03,0537.03,602,Winnipeg,B,46602,46,Manitoba,0,0,0,0,1,1,0,0,0,0,0
4620751.01,0751.01,462,Montréal,B,24462,24,Quebec / Québec,0,1,1,0,0,1,0,0,1,0,0
5290200.00,0200.00,529,Peterborough,B,35529,35,Ontario,0,1,0,0,1,0,0,0,1,0,0
5350410.14,0410.14,535,Toronto,B,35535,35,Ontario,0,1,0,0,1,0,0,0,0,0,0
5350412.22,0412.22,535,Toronto,B,35535,35,Ontario,0,0,0,0,0,0,0,0,0,0,0
5350117.00,0117.00,535,Toronto,B,35535,35,Ontario,0,4,1,0,1,0,0,0,0,0,0
0010016.02,0016.02,001,St. John's,B,10001,10,Newfoundland and Labrador / Terre-Neuve-et-Labrador,1,0,0,1,5,0,0,0,0,0,0
5370025.00,0025.00,537,Hamilton,B,35537,35,Ontario,0,0,0,0,1,0,0,0,0,0,0
5550020.02,0020.02,555,London,B,35555,35,Ontario,0,3,4,0,1,0,1,0,0,0,0
5350211.00,0211.00,535,Toronto,B,35535,35,Ontario,0,2,0,0,2,1,0,0,1,0,0
9330102.00,0102.00,933,Vancouver,B,59933,59,British Columbia / Colombie-Britannique,1,6,1,0,10,0,1,1,0,0,0
9330504.09,0504.09,933,Vancouver,B,59933,59,British Columbia / Colombie-Britannique,0,0,0,0,0,0,1,0,0,0,0
5800017.02,0017.02,580,Greater Sudbury / Grand Sudbury,B,35580,35,Ontario,0,0,0,0,2,0,0,0,0,0,0
5370223.07,0223.07,537,Hamilton,B,35537,35,Ontario,0,0,0,0,1,0,1,0,0,0,0
4620225.00,0225.00,462,Montréal,B,24462,24,Quebec / Québec,0,0,1,0,2,0,0,0,0,0,0
2050110.00,0110.00,205,Halifax,B,12205,12,Nova Scotia / Nouvelle-Écosse,0,3,0,1,6,0,0,0,3,0,0
0010003.01,0003.01,001,St. John's,B,10001,10,Newfoundland and Labrador / Terre-Neuve-et-Labrador,0,0,0,0,1,0,0,0,1,0,0
7250009.00,0009.00,725,Saskatoon,B,47725,47,Saskatchewan,0,1,0,0,5,2,0,0,3,0,0
6020521.02,0521.02,602,Winnipeg,B,46602,46,Manitoba,0,1,1,0,2,0,0,0,0,0,0
5550232.00,0232.00,555,London,B,35555,35,Ontario,0,0,0,0,4,1,2,0,0,0,0
5350410.10,0410.10,535,Toronto,B,35535,35,Ontario,0,4,0,0,1,0,0,0,0,0,0
5550011.00,0011.00,555,London,B,35555,35,Ontario,0,0,1,0,1,0,0,1,0,0,1
5390311.04,0311.04,539,St. Catharines - Niagara,B,35539,35,Ontario,0,0,0,1,0,1,0,0,0,0,0
5430001.00,0001.00,543,Brantford,B,35543,35,Ontario,0,0,1,1,3,0,0,0,0,0,1
5350370.02,0370.02,535,Toronto,B,35535,35,Ontario,1,2,2,0,3,2,0,0,0,0,0
3050006.00,0006.00,305,Moncton,B,13305,13,New Brunswick / Nouveau-Brunswick,0,15,0,2,26,4,0,1,7,0,2
9330287.13,0287.13,933,Vancouver,B,59933,59,British Columbia / Colombie-Britannique,0,0,0,0,0,0,0,0,1,0,0
4620756.05,0756.05,462,Montréal,B,24462,24,Quebec / Québec,0,2,4,0,2,0,0,0,1,0,0
5950009.02,0009.02,595,Thunder Bay,B,35595,35,Ontario,0,0,0,0,0,0,0,0,1,0,0
4620728.02,0728.02,462,Montréal,B,24462,24,Quebec / Québec,0,0,2,0,1,2,0,0,0,0,0
5800007.00,0007.00,580,Greater Sudbury / Grand Sudbury,B,35580,35,Ontario,0,0,0,0,1,0,0,1,3,0,0
5370124.00,0124.00,537,Hamilton,B,35537,35,Ontario,0,1,1,0,2,0,0,0,0,0,0
3200026.00,0026.00,320,Fredericton,K,13320,13,New Brunswick / Nouveau-Brunswick,0,0,0,0,0,0,0,0,3,0,0
6020008.00,0008.00,602,Winnipeg,B,46602,46,Manitoba,0,3,0,1,0,0,0,0,0,0,0
5350424.11,0424.11,535,Toronto,B,35535,35,Ontario,3,3,0,0,5,0,1,0,0,0,0
4420102.00,0102.00,442,Trois-Rivières,B,24442,24,Quebec / Québec,0,0,3,2,0,3,0,0,1,0,0
5430011.02,0011.02,543,Brantford,B,35543,35,Ontario,0,1,0,0,2,2,1,0,1,0,0
5350277.00,0277.00,535,Toronto,B,35535,35,Ontario,0,2,0,0,4,0,1,0,0,0,0
8250002.08,0002.08,825,Calgary,B,48825,48,Alberta,1,1,0,1,0,2,2,0,0,0,0
5350527.05,0527.05,535,Toronto,B,35535,35,Ontario,0,1,1,0,0,0,0,0,0,0,0
8350006.13,0006.13,835,Edmonton,B,48835,48,Alberta,1,0,0,0,0,1,1,0,9,0,0
4620032.00,0032.00,462,Montréal,B,24462,24,Quebec / Québec,0,0,0,0,0,0,0,0,0,0,1
5350019.00,0019.00,535,Toronto,B,35535,35,Ontario,0,1,0,0,3,1,0,0,0,0,0
7050023.01,0023.01,705,Regina,B,47705,47,Saskatchewan,0,0,0,0,1,1,0,0,0,0,0
4620087.00,0087.00,462,Montréal,B,24462,24,Quebec / Québec,0,0,0,0,1,0,0,0,0,0,0
5050001.04,0001.04,505,Ottawa - Gatineau (Ontario part / partie de l'Ontario),B,35505,35,Ontario,0,2,1,1,1,0,1,1,1,0,0
4080109.00,0109.00,408,Saguenay,B,24408,24,Quebec / Québec,0,0,1,0,4,2,0,0,1,0,0
4210220.02,0220.02,421,Québec,B,24421,24,Quebec / Québec,0,0,2,0,0,0,3,0,2,0,0
4620828.05,0828.05,462,Montréal,B,24462,24,Quebec / Québec,0,0,0,0,0,0,0,0,0,0,0
9700018.00,0018.00,970,Prince George,K,59970,59,British Columbia / Colombie-Britannique,0,1,0,0,8,0,0,1,0,0,0
7050006.00,0006.00,705,Regina,B,47705,47,Saskatchewan,1,0,3,0,8,0,0,0,1,0,0
2050105.01,0105.01,205,Halifax,B,12205,12,Nova Scotia / Nouvelle-Écosse,0,0,0,0,0,0,0,0,0,0,0
4620619.00,0619.00,462,Montréal,B,24462,24,Quebec / Québec,0,0,5,0,1,0,0,0,0,0,0
5350804.07,0804.07,535,Toronto,B,35535,35,Ontario,0,1,1,0,0,0,0,1,1,0,0
6020020.00,0020.00,602,Winnipeg,B,46602,46,Manitoba,0,1,1,1,1,1,0,0,0,0,0
8350105.06,0105.06,835,Edmonton,B,48835,48,Alberta,0,0,0,1,1,0,1,0,0,0,0
5210100.02,0100.02,521,Kingston,B,35521,35,Ontario,0,0,1,0,4,0,0,0,9,0,0
5350831.02,0831.02,535,Toronto,B,35535,35,Ontario,1,3,1,0,6,1,2,1,0,1,0
4210300.00,0300.00,421,Québec,B,24421,24,Quebec / Québec,2,1,3,1,2,0,0,0,0,0,0
5050049.00,0049.00,505,Ottawa - Gatineau (Ontario part / partie de l'Ontario),B,35505,35,Ontario,0,1,0,1,4,0,0,0,5,0,0
5350412.19,0412.19,535,Toronto,B,35535,35,Ontario,0,0,0,0,0,0,1,0,1,0,0
4620705.01,0705.01,462,Montréal,B,24462,24,Quebec / Québec,0,3,1,0,0,0,0,1,0,0,0
5350620.01,0620.01,535,Toronto,B,35535,35,Ontario,0,0,0,0,1,0,0,0,0,0,0
8250038.28,0038.28,825,Calgary,B,48825,48,Alberta,0,0,0,0,0,2,0,0,0,0,0
8350012.01,0012.01,835,Edmonton,B,48835,48,Alberta,2,0,2,0,1,1,0,0,0,0,0
9330189.07,0189.07,933,Vancouver,B,59933,59,British Columbia / Colombie-Britannique,0,1,0,0,3,0,0,0,2,0,0
8100003.00,0003.00,810,Lethbridge,K,48810,48,Alberta,0,0,3,0,1,1,0,0,3,0,0
5350281.02,0281.02,535,Toronto,B,35535,35,Ontario,0,0,0,0,0,0,0,0,0,0,0
5350091.01,0091.01,535,Toronto,B,35535,35,Ontario,1,35,1,2,18,3,0,1,9,0,0
6020110.02,0110.02,602,Winnipeg,B,46602,46,Manitoba,0,1,0,0,0,0,1,0,0,0,0
4620788.00,0788.00,462,Montréal,B,24462,24,Quebec / Québec,0,1,3,0,1,1,0,0,2,0,0
9330160.02,0160.02,933,Vancouver,B,59933,59,British Columbia / Colombie-Britannique,0,1,0,0,1,0,0,0,6,0,1
5350530.01,0530.01,535,Toronto,B,35535,35,Ontario,0,2,0,0,2,0,3,0,1,0,0
5350079.00,0079.00,535,Toronto,B,35535,35,Ontario,0,5,0,0,4,2,1,1,0,0,0
4620070.00,0070.00,462,Montréal,B,24462,24,Quebec / Québec,0,7,0,0,8,0,1,0,0,0,0
5050200.01,0200.01,505,Ottawa - Gatineau (Ontario part / partie de l'Ontario),B,35505,35,Ontario,0,0,0,0,0,0,0,0,0,0,0
8350038.00,0038.00,835,Edmonton,B,48835,48,Alberta,1,1,0,0,2,0,2,1,1,0,0
4620926.02,0926.02,462,Montréal,B,24462,24,Quebec / Québec,0,1,0,0,0,3,0,0,0,0,0
5350287.01,0287.01,535,Toronto,B,35535,35,Ontario,1,1,1,0,3,0,1,0,0,0,0
0010172.03,0172.03,001,St. John's,B,10001,10,Newfoundland and Labrador / Terre-Neuve-et-Labrador,0,0,0,0,1,0,0,0,0,0,0
4620308.00,0308.00,462,Montréal,B,24462,24,Quebec / Québec,0,1,0,0,1,0,0,1,0,0,0
4620024.00,0024.00,462,Montréal,B,24462,24,Quebec / Québec,0,1,0,0,7,2,0,0,0,0,0
4620321.00,0321.00,462,Montréal,B,24462,24,Quebec / Québec,0,2,0,0,1,0,0,0,0,0,0
5390010.00,0010.00,539,St. Catharines - Niagara,B,35539,35,Ontario,0,2,1,0,0,0,0,1,3,0,0
4620825.04,0825.04,462,Montréal,B,24462,24,Quebec / Québec,0,2,0,0,0,0,1,0,1,0,0
5350046.00,0046.00,535,Toronto,B,35535,35,Ontario,0,1,0,0,1,1,0,0,0,0,1
5320203.01,0203.01,532,Oshawa,B,35532,35,Ontario,0,0,0,0,0,0,0,0,0,0,0
5350355.02,0355.02,535,Toronto,B,35535,35,Ontario,0,0,0,0,0,0,0,0,0,0,1
5350283.02,0283.02,535,Toronto,B,35535,35,Ontario,0,0,0,0,2,0,0,0,0,0,0
9330032.00,0032.00,933,Vancouver,B,59933,59,British Columbia / Colombie-Britannique,0,3,0,0,8,1,0,1,1,0,1
8250038.33,0038.33,825,Calgary,B,48825,48,Alberta,0,0,0,0,0,0,1,0,0,0,0
8350090.13,0090.13,835,Edmonton,B,48835,48,Alberta,0,0,0,0,2,0,0,0,0,0,0
5350141.02,0141.02,535,Toronto,B,35535,35,Ontario,0,2,0,0,4,1,0,0,1,0,1
5050191.02,0191.02,505,Ottawa - Gatineau (Ontario part / partie de l'Ontario),B,35505,35,Ontario,0,1,0,0,2,0,0,0,0,0,0
8250002.17,0002.17,825,Calgary,B,48825,48,Alberta,0,1,1,0,1,2,1,1,1,0,0
4620014.02,0014.02,462,Montréal,B,24462,24,Quebec / Québec,0,1,0,0,3,0,0,0,1,0,0
5050125.09,0125.09,505,Ottawa - Gatineau (Ontario part / partie de l'Ontario),B,35505,35,Ontario,0,0,0,0,1,0,0,0,0,0,0
8300012.00,0012.00,830,Red Deer,K,48830,48,Alberta,0,1,0,0,2,0,0,0,3,0,0
5370015.00,0015.00,537,Hamilton,B,35537,35,Ontario,0,0,1,0,0,0,0,0,0,0,0
4620245.00,0245.00,462,Montréal,B,24462,24,Quebec / Québec,0,0,0,1,4,3,0,0,0,0,0
3100027.02,0027.02,310,Saint John,B,13310,13,New Brunswick / Nouveau-Brunswick,1,0,0,0,1,0,0,0,0,0,0
5370021.00,0021.00,537,Hamilton,B,35537,35,Ontario,3,2,0,0,3,0,0,2,1,0,1
5350473.02,0473.02,535,Toronto,B,35535,35,Ontario,0,3,0,0,1,0,2,0,0,0,0
5590018.03,0018.03,559,Windsor,B,35559,35,Ontario,0,1,0,0,1,1,0,0,0,0,0
5050030.00,0030.00,505,Ottawa - Gatineau (Ontario part / partie de l'Ontario),B,35505,35,Ontario,0,2,0,0,5,0,0,0,0,0,0
9350127.00,0127.00,935,Victoria,B,59935,59,British Columbia / Colombie-Britannique,0,1,0,0,5,0,1,0,2,0,1
5050160.10,0160.10,505,Ottawa - Gatineau (Ontario part / partie de l'Ontario),B,35505,35,Ontario,0,4,0,0,2,0,0,0,0,0,0
9300017.01,0017.01,930,Chilliwack,K,59930,59,British Columbia / Colombie-Britannique,0,0,0,0,1,0,0,0,0,0,0
4620260.00,0260.00,462,Montréal,B,24462,24,Quebec / Québec,0,0,0,0,0,0,0,0,0,0,0
4210013.00,0013.00,421,Québec,B,24421,24,Quebec / Québec,0,0,0,0,0,0,0,0,0,0,0
2050122.01,0122.01,205,Halifax,B,12205,12,Nova Scotia / Nouvelle-Écosse,0,1,0,0,0,0,0,0,0,0,0
4620164.00,0164.00,462,Montréal,B,24462,24,Quebec / Québec,0,0,0,0,0,3,0,0,1,0,0
8250205.02,0205.02,825,Calgary,B,48825,48,Alberta,0,2,1,0,1,1,1,0,0,0,0
5500002.00,0002.00,550,Guelph,B,35550,35,Ontario,0,0,0,1,1,0,1,0,1,0,0
4620287.01,0287.01,462,Montréal,B,24462,24,Quebec / Québec,0,0,0,0,6,1,0,0,0,0,0
9350151.04,0151.04,935,Victoria,B,59935,59,British Columbia / Colombie-Britannique,1,2,0,0,4,0,1,2,0,0,1
5350267.00,0267.00,535,Toronto,B,35535,35,Ontario,0,0,0,0,1,0,0,0,0,0,0
8250001.07,0001.07,825,Calgary,B,48825,48,Alberta,1,0,0,1,0,1,2,1,0,0,0
5350484.02,0484.02,535,Toronto,B,35535,35,Ontario,0,0,1,0,1,1,0,0,0,0,1
4620550.04,0550.04,462,Montréal,B,24462,24,Quebec / Québec,0,2,0,0,1,0,0,0,0,1,0
9330505.01,0505.01,933,Vancouver,B,59933,59,British Columbia / Colombie-Britannique,0,1,0,0,2,1,1,0,4,0,1
9150019.04,0019.04,915,Kelowna,B,59915,59,British Columbia / Colombie-Britannique,0,2,0,0,0,0,0,0,0,0,0
9700019.00,0019.00,970,Prince George,K,59970,59,British Columbia / Colombie-Britannique,0,0,0,0,2,0,0,0,4,0,0
5370123.00,0123.00,537,Hamilton,B,35537,35,Ontario,0,2,2,0,0,0,1,0,0,0,0
4210041.09,0041.09,421,Québec,B,24421,24,Quebec / Québec,0,0,1,0,2,0,1,0,0,0,0
8350140.04,0140.04,835,Edmonton,B,48835,48,Alberta,0,0,0,0,0,0,2,0,0,0,0
5350315.02,0315.02,535,Toronto,B,35535,35,Ontario,0,1,1,0,1,0,0,0,0,0,0
6020110.07,0110.07,602,Winnipeg,B,46602,46,Manitoba,0,0,0,0,0,0,0,1,0,0,0
4620400.00,0400.00,462,Montréal,B,24462,24,Quebec / Québec,0,5,0,1,2,0,0,0,0,0,0
8250009.00,0009.00,825,Calgary,B,48825,48,Alberta,0,1,0,0,1,0,1,0,0,0,0
4620657.03,0657.03,462,Montréal,B,24462,24,Quebec / Québec,1,1,0,0,0,0,0,0,0,0,0
5050151.09,0151.09,505,Ottawa - Gatineau (Ontario part / partie de l'Ontario),B,35505,35,Ontario,0,2,0,0,0,0,0,0,1,0,0
8250077.22,0077.22,825,Calgary,B,48825,48,Alberta,0,0,0,0,2,0,0,0,0,0,0
5590007.00,0007.00,559,Windsor,B,35559,35,Ontario,0,0,0,0,1,0,0,0,6,0,0
9330050.02,0050.02,933,Vancouver,B,59933,59,British Columbia / Colombie-Britannique,0,0,0,1,8,0,0,1,0,0,0
5050190.02,0190.02,505,Ottawa - Gatineau (Ontario part / partie de l'Ontario),B,35505,35,Ontario,0,2,0,0,2,0,0,0,0,0,0
5350173.00,0173.00,535,Toronto,B,35535,35,Ontario,0,1,0,0,4,0,0,1,0,0,0
5050160.09,0160.09,505,Ottawa - Gatineau (Ontario part / partie de l'Ontario),B,35505,35,Ontario,0,1,0,0,2,0,0,1,0,0,0
5050507.00,0507.00,505,Ottawa - Gatineau (partie du Québec / Quebec part),B,24505,24,Quebec / Québec,0,1,0,0,6,0,0,0,1,0,0
4620857.09,0857.09,462,Montréal,B,24462,24,Quebec / Québec,0,1,0,0,0,0,0,0,0,0,0
4620704.04,0704.04,462,Montréal,B,24462,24,Quebec / Québec,0,1,1,0,3,0,0,0,0,0,0
6020042.00,0042.00,602,Winnipeg,B,46602,46,Manitoba,0,1,0,0,0,0,0,1,0,0,0
9150105.02,0105.02,915,Kelowna,B,59915,59,British Columbia / Colombie-Britannique,0,1,0,0,1,1,0,0,4,0,0
5350183.00,0183.00,535,Toronto,B,35535,35,Ontario,1,0,0,0,2,0,1,0,0,0,0
9330287.15,0287.15,933,Vancouver,B,59933,59,British Columbia / Colombie-Britannique,0,0,0,0,0,0,0,0,0,0,0
8250001.01,0001.01,825,Calgary,B,48825,48,Alberta,0,0,0,0,1,0,1,0,0,0,0
5050140.01,0140.01,505,Ottawa - Gatineau (Ontario part / partie de l'Ontario),B,35505,35,Ontario,0,0,0,0,0,0,0,0,0,0,0
4620253.00,0253.00,462,Montréal,B,24462,24,Quebec / Québec,0,1,1,0,1,1,0,0,0,1,0
4620866.00,0866.00,462,Montréal,B,24462,24,Quebec / Québec,0,0,0,0,4,0,0,0,0,0,0
5350023.00,0023.00,535,Toronto,B,35535,35,Ontario,0,4,0,0,1,1,0,0,0,0,0
5350266.00,0266.00,535,Toronto,B,35535,35,Ontario,1,3,0,0,3,0,1,0,0,0,0
8350044.00,0044.00,835,Edmonton,B,48835,48,Alberta,0,2,2,0,12,1,2,0,1,0,1
0010172.06,0172.06,001,St. John's,B,10001,10,Newfoundland and Labrador / Terre-Neuve-et-Labrador,0,0,0,0,0,0,0,0,0,0,0
6020100.02,0100.02,602,Winnipeg,B,46602,46,Manitoba,0,0,0,0,0,0,0,0,0,0,0
5350350.00,0350.00,535,Toronto,B,35535,35,Ontario,0,2,2,0,2,0,1,1,0,0,1
9330506.01,0506.01,933,Vancouver,B,59933,59,British Columbia / Colombie-Britannique,0,3,0,0,5,2,2,1,0,0,0
5350516.03,0516.03,535,Toronto,B,35535,35,Ontario,0,0,0,0,0,0,0,0,0,0,0
5350505.02,0505.02,535,Toronto,B,35535,35,Ontario,0,0,1,0,1,0,1,0,0,0,0
9350005.00,0005.00,935,Victoria,B,59935,59,British Columbia / Colombie-Britannique,1,2,4,0,0,0,0,1,8,0,0
5050013.00,0013.00,505,Ottawa - Gatineau (Ontario part / partie de l'Ontario),B,35505,35,Ontario,0,0,2,0,3,0,0,0,2,0,0
4620136.00,0136.00,462,Montréal,B,24462,24,Quebec / Québec,0,1,0,0,3,1,0,0,2,1,0
5350025.00,0025.00,535,Toronto,B,35535,35,Ontario,0,1,0,0,2,1,0,0,2,0,0
8300002.00,0002.00,830,Red Deer,K,48830,48,Alberta,1,1,0,0,2,3,5,2,7,0,0
5950019.00,0019.00,595,Thunder Bay,B,35595,35,Ontario,0,0,1,0,3,0,1,0,10,0,2
5050170.10,0170.10,505,Ottawa - Gatineau (Ontario part / partie de l'Ontario),B,35505,35,Ontario,1,1,0,1,4,0,0,0,1,0,0
8250038.24,0038.24,825,Calgary,B,48825,48,Alberta,0,0,1,0,0,0,0,0,0,0,0
8250011.00,0011.00,825,Calgary,B,48825,48,Alberta,0,0,0,0,1,0,0,0,0,0,0
4620659.10,0659.10,462,Montréal,B,24462,24,Quebec / Québec,0,0,1,0,0,0,0,0,0,0,0
5350213.00,0213.00,535,Toronto,B,35535,35,Ontario,4,20,1,2,10,1,3,3,2,1,0
8350001.04,0001.04,835,Edmonton,B,48835,48,Alberta,0,0,0,0,0,0,0,0,0,0,0
4620604.04,0604.04,462,Montréal,B,24462,24,Quebec / Québec,0,0,0,0,0,0,0,0,0,0,0
5350532.02,0532.02,535,Toronto,B,35535,35,Ontario,0,0,0,0,0,0,0,0,0,0,0
8350077.02,0077.02,835,Edmonton,B,48835,48,Alberta,2,0,0,0,2,1,0,0,0,0,0
4620903.09,0903.09,462,Montréal,B,24462,24,Quebec / Québec,0,0,0,0,1,0,0,0,0,0,0
5210009.00,0009.00,521,Kingston,B,35521,35,Ontario,1,20,0,3,4,4,1,3,1,0,0
9330185.11,0185.11,933,Vancouver,B,59933,59,British Columbia / Colombie-Britannique,0,0,0,0,0,0,0,3,0,0,0
4330007.00,0007.00,433,Sherbrooke,B,24433,24,Quebec / Québec,0,1,0,0,1,0,0,0,0,1,0
4620834.00,0834.00,462,Montréal,B,24462,24,Quebec / Québec,0,0,2,0,0,1,0,0,0,0,0
6020032.00,0032.00,602,Winnipeg,B,46602,46,Manitoba,0,0,1,0,5,0,1,0,1,1,0
5050712.00,0712.00,505,Ottawa - Gatineau (partie du Québec / Quebec part),B,24505,24,Quebec / Québec,1,6,1,1,21,1,2,1,4,0,0
5410014.05,0014.05,541,Kitchener - Cambridge - Waterloo,B,35541,35,Ontario,0,1,0,0,2,0,0,0,0,0,0
4620168.00,0168.00,462,Montréal,B,24462,24,Quebec / Québec,0,1,0,1,3,2,1,0,0,0,0
5350812.00,0812.00,535,Toronto,B,35535,35,Ontario,0,3,0,0,1,0,1,2,0,0,0
5550230.00,0230.00,555,London,B,35555,35,Ontario,0,0,0,1,2,0,0,0,1,0,0
8300001.03,0001.03,830,Red Deer,K,48830,48,Alberta,0,0,0,0,0,0,0,1,0,0,0
4620380.00,0380.00,462,Montréal,B,24462,24,Quebec / Québec,0,1,0,0,3,0,1,0,0,0,0
8300001.02,0001.02,830,Red Deer,K,48830,48,Alberta,1,0,2,0,0,0,1,1,1,0,0
5950021.00,0021.00,595,Thunder Bay,B,35595,35,Ontario,0,0,0,0,0,1,0,1,1,0,0
8350140.05,0140.05,835,Edmonton,B,48835,48,Alberta,0,1,0,0,2,0,0,0,0,0,0
4420202.00,0202.00,442,Trois-Rivières,B,24442,24,Quebec / Québec,0,3,1,0,3,3,0,0,0,0,0
5390311.03,0311.03,539,St. Catharines - Niagara,B,35539,35,Ontario,0,0,0,0,3,0,0,0,1,0,0
4620009.00,0009.00,462,Montréal,B,24462,24,Quebec / Québec,0,0,0,1,2,0,0,0,0,0,0
4620654.00,0654.00,462,Montréal,B,24462,24,Quebec / Québec,0,0,0,0,1,0,0,0,0,0,0
3050012.00,0012.00,305,Moncton,B,13305,13,New Brunswick / Nouveau-Brunswick,0,0,1,0,3,0,0,0,3,0,0
5350422.05,0422.05,535,Toronto,B,35535,35,Ontario,0,1,0,0,0,0,1,0,0,0,0
5390012.01,0012.01,539,St. Catharines - Niagara,B,35539,35,Ontario,0,0,0,0,3,0,2,0,2,0,0
8050013.00,0013.00,805,Medicine Hat,K,48805,48,Alberta,0,2,1,0,5,2,1,0,0,0,0
8350079.04,0079.04,835,Edmonton,B,48835,48,Alberta,0,0,0,0,0,0,0,0,4,0,0
5590043.02,0043.02,559,Windsor,B,35559,35,Ontario,0,1,0,0,2,0,0,0,0,0,0
4620418.00,0418.00,462,Montréal,B,24462,24,Quebec / Québec,0,8,0,1,10,2,1,2,1,0,1
4210021.00,0021.00,421,Québec,B,24421,24,Quebec / Québec,0,2,2,0,6,4,0,1,6,0,0
4620187.03,0187.03,462,Montréal,B,24462,24,Quebec / Québec,0,0,1,0,2,0,0,0,0,0,0
5350410.11,0410.11,535,Toronto,B,35535,35,Ontario,0,3,0,0,0,0,0,0,0,0,0
9320009.02,0009.02,932,Abbotsford - Mission,B,59932,59,British Columbia / Colombie-Britannique,0,0,0,0,1,0,0,0,0,0,0
4620072.00,0072.00,462,Montréal,B,24462,24,Quebec / Québec,0,0,0,1,3,0,0,0,1,0,0
8350005.07,0005.07,835,Edmonton,B,48835,48,Alberta,0,0,0,0,1,0,0,0,0,0,0
5050162.02,0162.02,505,Ottawa - Gatineau (Ontario part / partie de l'Ontario),B,35505,35,Ontario,0,0,2,0,1,0,0,0,0,0,0
9150019.02,0019.02,915,Kelowna,B,59915,59,British Columbia / Colombie-Britannique,0,1,1,0,1,0,0,0,1,0,0
4620901.03,0901.03,462,Montréal,B,24462,24,Quebec / Québec,0,0,1,0,0,0,0,0,2,0,0
5350402.05,0402.05,535,Toronto,B,35535,35,Ontario,0,0,0,0,0,0,0,0,0,0,0
5370005.02,0005.02,537,Hamilton,B,35537,35,Ontario,0,0,0,0,0,1,0,0,0,0,0
4620800.01,0800.01,462,Montréal,B,24462,24,Quebec / Québec,0,3,0,0,4,1,1,0,1,0,0
5350482.00,0482.00,535,Toronto,B,35535,35,Ontario,0,0,1,0,1,0,0,0,0,0,0
4620930.02,0930.02,462,Montréal,B,24462,24,Quebec / Québec,0,1,4,0,2,1,1,1,3,0,0
4620785.00,0785.00,462,Montréal,B,24462,24,Quebec / Québec,0,1,2,0,1,0,0,0,0,0,0
8300001.04,0001.04,830,Red Deer,K,48830,48,Alberta,0,0,2,0,0,0,0,0,1,0,0
9330182.06,0182.06,933,Vancouver,B,59933,59,British Columbia / Colombie-Britannique,0,1,0,0,2,2,0,1,1,0,0
4330111.01,0111.01,433,Sherbrooke,B,24433,24,Quebec / Québec,0,1,0,0,2,0,0,0,0,0,0
4080103.00,0103.00,408,Saguenay,B,24408,24,Quebec / Québec,0,0,2,0,1,0,0,1,0,0,0
9330141.01,0141.01,933,Vancouver,B,59933,59,British Columbia / Colombie-Britannique,0,3,3,0,3,1,0,0,1,0,1
9250006.02,0006.02,925,Kamloops,K,59925,59,British Columbia / Colombie-Britannique,0,1,1,0,1,1,3,1,13,0,0
4620512.02,0512.02,462,Montréal,B,24462,24,Quebec / Québec,0,0,1,0,0,0,0,0,0,0,0
4620415.05,0415.05,462,Montréal,B,24462,24,Quebec / Québec,1,2,0,1,2,0,1,1,1,0,0
5410110.00,0110.00,541,Kitchener - Cambridge - Waterloo,B,35541,35,Ontario,1,0,2,0,3,0,0,0,0,0,0
5350403.04,0403.04,535,Toronto,B,35535,35,Ontario,0,0,0,0,0,0,0,0,0,0,0
8350121.03,0121.03,835,Edmonton,B,48835,48,Alberta,0,0,0,1,1,0,0,0,0,0,0
5620102.01,0102.01,562,Sarnia,K,35562,35,Ontario,0,1,0,0,0,0,0,1,0,0,0
8250052.09,0052.09,825,Calgary,B,48825,48,Alberta,0,1,0,0,1,1,1,0,0,0,0
5590170.02,0170.02,559,Windsor,B,35559,35,Ontario,0,0,0,0,1,2,0,0,0,0,0
5350576.30,0576.30,535,Toronto,B,35535,35,Ontario,0,0,0,0,1,0,0,0,1,0,0
5390300.00,0300.00,539,St. Catharines - Niagara,B,35539,35,Ontario,0,0,0,0,0,0,0,0,0,0,0
5800005.00,0005.00,580,Greater Sudbury / Grand Sudbury,B,35580,35,Ontario,2,11,1,4,11,1,1,3,5,0,0
5620004.00,0004.00,562,Sarnia,K,35562,35,Ontario,0,1,0,0,5,1,0,0,0,0,0
9330151.08,0151.08,933,Vancouver,B,59933,59,British Columbia / Colombie-Britannique,0,0,0,0,1,0,0,2,2,0,0
9330222.02,0222.02,933,Vancouver,B,59933,59,British Columbia / Colombie-Britannique,0,0,0,0,1,0,0,0,0,0,0
5350525.01,0525.01,535,Toronto,B,35535,35,Ontario,0,0,0,0,0,0,0,0,0,0,0
9300021.00,0021.00,930,Chilliwack,K,59930,59,British Columbia / Colombie-Britannique,0,0,0,0,0,0,0,0,0,0,0
4210015.00,0015.00,421,Québec,B,24421,24,Quebec / Québec,0,15,3,0,10,9,0,1,14,3,0
4620228.00,0228.00,462,Montréal,B,24462,24,Quebec / Québec,0,1,1,0,1,1,0,0,0,0,0
9330502.06,0502.06,933,Vancouver,B,59933,59,British Columbia / Colombie-Britannique,0,0,1,0,0,0,0,0,0,0,0
9330026.00,0026.00,933,Vancouver,B,59933,59,British Columbia / Colombie-Britannique,1,3,0,0,1,0,0,0,1,0,0
8350071.00,0071.00,835,Edmonton,B,48835,48,Alberta,2,0,0,0,6,0,1,0,0,0,0
9330010.01,0010.01,933,Vancouver,B,59933,59,British Columbia / Colombie-Britannique,0,4,0,0,4,0,0,1,0,0,0
8350004.02,0004.02,835,Edmonton,B,48835,48,Alberta,0,2,0,0,0,0,0,1,0,0,0
5950009.01,0009.01,595,Thunder Bay,B,35595,35,Ontario,0,0,0,0,0,0,1,1,0,0,0
5290006.00,0006.00,529,Peterborough,B,35529,35,Ontario,1,3,1,0,5,0,0,0,1,0,0
5350524.01,0524.01,535,Toronto,B,35535,35,Ontario,0,2,1,0,1,0,0,1,0,0,0
4620865.00,0865.00,462,Montréal,B,24462,24,Quebec / Québec,0,0,0,0,4,1,0,0,0,0,0
5800001.03,0001.03,580,Greater Sudbury / Grand Sudbury,B,35580,35,Ontario,0,0,0,0,1,0,0,1,4,0,0
9330161.02,0161.02,933,Vancouver,B,59933,59,British Columbia / Colombie-Britannique,0,3,1,1,6,2,2,0,4,0,0
2050131.05,0131.05,205,Halifax,B,12205,12,Nova Scotia / Nouvelle-Écosse,0,0,0,0,4,0,0,0,0,0,0
5350515.01,0515.01,535,Toronto,B,35535,35,Ontario,0,2,1,0,3,0,1,0,0,0,0
7250006.02,0006.02,725,Saskatoon,B,47725,47,Saskatchewan,0,0,1,0,0,2,0,2,1,0,0
4620617.01,0617.01,462,Montréal,B,24462,24,Quebec / Québec,0,0,3,0,3,0,0,0,0,0,0
6020050.01,0050.01,602,Winnipeg,B,46602,46,Manitoba,0,0,0,0,2,1,0,0,1,0,0
5350802.02,0802.02,535,Toronto,B,35535,35,Ontario,0,0,0,0,0,0,0,0,0,0,0
5050822.03,0822.03,505,Ottawa - Gatineau (partie du Québec / Quebec part),B,24505,24,Quebec / Québec,0,0,0,0,0,0,0,0,1,0,0
5350528.16,0528.16,535,Toronto,B,35535,35,Ontario,0,0,1,0,1,0,0,0,0,0,0
5350562.04,0562.04,535,Toronto,B,35535,35,Ontario,1,0,0,0,0,0,0,0,0,0,0
2050020.00,0020.00,205,Halifax,B,12205,12,Nova Scotia / Nouvelle-Écosse,2,2,0,1,3,1,1,1,2,0,0
9330104.00,0104.00,933,Vancouver,B,59933,59,British Columbia / Colombie-Britannique,0,1,1,0,1,0,0,0,2,0,0
5350374.01,0374.01,535,Toronto,B,35535,35,Ontario,0,0,0,0,0,1,0,2,0,0,0
5350194.02,0194.02,535,Toronto,B,35535,35,Ontario,0,3,3,1,2,0,0,1,0,0,0
4210112.01,0112.01,421,Québec,B,24421,24,Quebec / Québec,0,1,3,0,3,0,0,0,0,0,0
7250021.05,0021.05,725,Saskatoon,B,47725,47,Saskatchewan,0,2,0,0,0,0,0,0,1,0,0
5370001.01,0001.01,537,Hamilton,B,35537,35,Ontario,0,0,1,0,7,0,0,0,1,0,1
5350240.02,0240.02,535,Toronto,B,35535,35,Ontario,0,2,0,0,2,0,0,0,0,0,0
4620018.00,0018.00,462,Montréal,B,24462,24,Quebec / Québec,0,0,0,1,3,1,0,0,0,1,0
2050121.02,0121.02,205,Halifax,B,12205,12,Nova Scotia / Nouvelle-Écosse,0,1,0,0,1,1,0,0,0,0,1
5350378.14,0378.14,535,Toronto,B,35535,35,Ontario,0,0,0,0,0,0,1,0,0,0,0
5350100.00,0100.00,535,Toronto,B,35535,35,Ontario,0,4,0,0,2,0,0,0,0,0,0
8350046.00,0046.00,835,Edmonton,B,48835,48,Alberta,5,6,1,0,16,3,2,1,1,1,1
4620249.00,0249.00,462,Montréal,B,24462,24,Quebec / Québec,0,2,1,0,3,1,0,1,0,0,0
9330181.12,0181.12,933,Vancouver,B,59933,59,British Columbia / Colombie-Britannique,0,1,0,0,0,0,0,0,0,0,0
9330230.01,0230.01,933,Vancouver,B,59933,59,British Columbia / Colombie-Britannique,0,1,0,0,4,0,0,0,0,0,0
8100004.00,0004.00,810,Lethbridge,K,48810,48,Alberta,1,2,0,0,1,2,0,0,2,0,0
5050008.00,0008.00,505,Ottawa - Gatineau (Ontario part / partie de l'Ontario),B,35505,35,Ontario,1,0,0,0,1,0,0,0,1,0,0
5050032.01,0032.01,505,Ottawa - Gatineau (Ontario part / partie de l'Ontario),B,35505,35,Ontario,0,1,1,0,0,0,0,0,0,0,0
4620603.02,0603.02,462,Montréal,B,24462,24,Quebec / Québec,0,3,2,0,3,2,0,3,1,0,0
5050611.00,0611.00,505,Ottawa - Gatineau (partie du Québec / Quebec part),B,24505,24,Quebec / Québec,0,0,0,1,5,2,1,1,0,0,0
4210700.00,0700.00,421,Québec,B,24421,24,Quebec / Québec,0,0,1,0,0,1,0,0,2,0,0
4620591.02,0591.02,462,Montréal,B,24462,24,Quebec / Québec,0,0,1,0,1,0,0,0,0,0,0
5350412.12,0412.12,535,Toronto,B,35535,35,Ontario,0,0,0,0,1,0,0,0,0,0,0
4210320.04,0320.04,421,Québec,B,24421,24,Quebec / Québec,0,1,0,0,2,0,0,0,1,0,0
3100120.04,0120.04,310,Saint John,B,13310,13,New Brunswick / Nouveau-Brunswick,0,0,0,0,0,0,0,0,0,0,0
5350604.00,0604.00,535,Toronto,B,35535,35,Ontario,0,16,2,0,7,0,1,2,3,0,0
4620160.00,0160.00,462,Montréal,B,24462,24,Quebec / Québec,0,2,0,0,3,2,1,0,0,0,0
5350573.11,0573.11,535,Toronto,B,35535,35,Ontario,0,0,0,0,0,0,0,0,1,0,0
6020011.00,0011.00,602,Winnipeg,B,46602,46,Manitoba,0,1,1,2,7,2,1,2,0,0,1
4620313.00,0313.00,462,Montréal,B,24462,24,Quebec / Québec,0,1,0,0,0,0,0,0,0,0,0
8350067.02,0067.02,835,Edmonton,B,48835,48,Alberta,0,0,0,0,2,0,1,3,0,0,0
9330161.03,0161.03,933,Vancouver,B,59933,59,British Columbia / Colombie-Britannique,2,0,1,0,4,1,0,0,1,2,0
5350317.03,0317.03,535,Toronto,B,35535,35,Ontario,0,0,0,0,0,0,0,0,0,0,0
9330182.01,0182.01,933,Vancouver,B,59933,59,British Columbia / Colombie-Britannique,0,1,1,1,2,0,1,2,1,0,0
8350063.00,0063.00,835,Edmonton,B,48835,48,Alberta,1,1,1,0,10,4,1,3,0,0,0
9330501.03,0501.03,933,Vancouver,B,59933,59,British Columbia / Colombie-Britannique,0,0,0,0,2,0,0,0,0,0,0
5350035.00,0035.00,535,Toronto,B,35535,35,Ontario,8,31,1,4,24,5,1,1,8,1,2
4620864.00,0864.00,462,Montréal,B,24462,24,Quebec / Québec,0,6,0,0,1,0,0,0,0,0,0
5350502.01,0502.01,535,Toronto,B,35535,35,Ontario,0,0,0,0,0,0,0,0,0,0,0
4210280.03,0280.03,421,Québec,B,24421,24,Quebec / Québec,0,0,0,0,1,3,0,0,1,0,0
3100019.00,0019.00,310,Saint John,B,13310,13,New Brunswick / Nouveau-Brunswick,0,0,0,0,0,0,0,0,0,0,0
5370044.00,0044.00,537,Hamilton,B,35537,35,Ontario,0,0,0,1,1,1,1,0,1,1,1
5350363.06,0363.06,535,Toronto,B,35535,35,Ontario,1,3,0,0,4,0,0,1,0,0,0
9330287.06,0287.06,933,Vancouver,B,59933,59,British Columbia / Colombie-Britannique,0,0,1,0,1,0,1,1,0,0,0
4620064.00,0064.00,462,Montréal,B,24462,24,Quebec / Québec,1,10,0,1,8,16,1,1,7,0,0
5410101.03,0101.03,541,Kitchener - Cambridge - Waterloo,B,35541,35,Ontario,0,0,0,0,2,0,0,0,0,0,0
4620063.00,0063.00,462,Montréal,B,24462,24,Quebec / Québec,0,12,1,0,14,20,2,4,13,0,0
5350430.02,0430.02,535,Toronto,B,35535,35,Ontario,0,4,0,0,3,1,3,0,1,0,0
7250018.03,0018.03,725,Saskatoon,B,47725,47,Saskatchewan,0,0,0,0,0,0,0,0,0,0,0
8250052.01,0052.01,825,Calgary,B,48825,48,Alberta,0,0,0,0,1,0,0,0,0,0,0
5050126.03,0126.03,505,Ottawa - Gatineau (Ontario part / partie de l'Ontario),B,35505,35,Ontario,0,0,0,0,2,0,0,0,0,0,0
5350128.03,0128.03,535,Toronto,B,35535,35,Ontario,0,1,2,0,0,0,1,0,0,0,0
3100004.00,0004.00,310,Saint John,B,13310,13,New Brunswick / Nouveau-Brunswick,0,0,1,0,3,1,0,1,0,0,0
5550050.01,0050.01,555,London,B,35555,35,Ontario,0,2,2,0,0,0,1,0,0,0,0
8350013.00,0013.00,835,Edmonton,B,48835,48,Alberta,0,7,2,1,11,10,4,1,3,0,1
5390215.00,0215.00,539,St. Catharines - Niagara,B,35539,35,Ontario,0,8,0,1,9,3,4,1,16,0,0
5320009.01,0009.01,532,Oshawa,B,35532,35,Ontario,0,3,0,0,0,0,1,0,1,0,0
9330260.04,0260.04,933,Vancouver,B,59933,59,British Columbia / Colombie-Britannique,0,1,0,0,0,0,0,0,1,0,0
9380013.00,0013.00,938,Nanaimo,K,59938,59,British Columbia / Colombie-Britannique,1,2,0,1,2,1,1,0,4,0,0
8250001.05,0001.05,825,Calgary,B,48825,48,Alberta,0,0,0,0,1,0,0,0,0,0,0
4620180.00,0180.00,462,Montréal,B,24462,24,Quebec / Québec,0,1,0,0,2,2,0,0,0,0,0
4620625.02,0625.02,462,Montréal,B,24462,24,Quebec / Québec,0,1,1,0,1,1,1,0,0,0,0
5350521.06,0521.06,535,Toronto,B,35535,35,Ontario,0,0,0,0,0,0,0,0,0,0,0
5220005.00,0005.00,522,Belleville,K,35522,35,Ontario,2,14,2,3,18,6,2,3,3,1,1
4620470.01,0470.01,462,Montréal,B,24462,24,Quebec / Québec,0,3,1,0,2,0,1,0,0,0,0
5050301.00,0301.00,505,Ottawa - Gatineau (Ontario part / partie de l'Ontario),B,35505,35,Ontario,0,0,0,0,1,0,1,0,0,0,0
5210105.02,0105.02,521,Kingston,B,35521,35,Ontario,0,0,1,0,2,0,0,0,1,0,0
5550016.00,0016.00,555,London,B,35555,35,Ontario,0,1,0,0,0,0,0,0,0,0,0
5350576.37,0576.37,535,Toronto,B,35535,35,Ontario,0,1,0,0,0,0,1,0,0,0,0
8350104.16,0104.16,835,Edmonton,B,48835,48,Alberta,0,0,0,1,1,0,0,0,0,0,0
5350623.00,0623.00,535,Toronto,B,35535,35,Ontario,1,15,1,2,4,0,2,1,1,0,0
5350402.09,0402.09,535,Toronto,B,35535,35,Ontario,0,1,0,0,0,0,0,0,0,0,0
4620123.00,0123.00,462,Montréal,B,24462,24,Quebec / Québec,2,1,2,0,3,0,0,0,0,1,0
6020048.00,0048.00,602,Winnipeg,B,46602,46,Manitoba,0,0,0,0,1,0,0,1,0,0,0
4620003.00,0003.00,462,Montréal,B,24462,24,Quebec / Québec,0,1,2,0,1,2,0,0,0,0,1
5320100.03,0100.03,532,Oshawa,B,35532,35,Ontario,0,1,0,1,1,0,0,0,1,0,0
5950100.01,0100.01,595,Thunder Bay,B,35595,35,Ontario,0,1,0,1,7,0,0,0,4,0,0
9330290.03,0290.03,933,Vancouver,B,59933,59,British Columbia / Colombie-Britannique,0,0,0,0,3,0,0,0,0,0,0
5350803.05,0803.05,535,Toronto,B,35535,35,Ontario,0,0,0,0,0,0,0,0,0,0,0
5550100.02,0100.02,555,London,B,35555,35,Ontario,0,1,0,0,3,1,2,0,1,0,0
5350411.27,0411.27,535,Toronto,B,35535,35,Ontario,0,0,0,0,0,0,0,0,0,0,0
5350803.06,0803.06,535,Toronto,B,35535,35,Ontario,0,0,0,0,1,1,1,0,0,0,0
8350006.03,0006.03,835,Edmonton,B,48835,48,Alberta,0,0,0,0,1,2,0,0,0,0,0
5410020.00,0020.00,541,Kitchener - Cambridge - Waterloo,B,35541,35,Ontario,3,4,0,2,2,1,0,0,0,0,0
0010172.04,0172.04,001,St. John's,B,10001,10,Newfoundland and Labrador / Terre-Neuve-et-Labrador,0,1,0,1,0,0,0,1,1,0,0
9330146.00,0146.00,933,Vancouver,B,59933,59,British Columbia / Colombie-Britannique,0,0,1,0,1,1,0,0,0,0,0
8050006.00,0006.00,805,Medicine Hat,K,48805,48,Alberta,0,1,0,0,1,1,0,0,0,0,0
9330188.07,0188.07,933,Vancouver,B,59933,59,British Columbia / Colombie-Britannique,0,0,0,0,0,0,0,0,0,0,0
5350221.02,0221.02,535,Toronto,B,35535,35,Ontario,1,3,0,0,2,1,1,2,0,0,0
8350078.12,0078.12,835,Edmonton,B,48835,48,Alberta,0,0,0,0,0,2,4,1,0,0,0
9330181.05,0181.05,933,Vancouver,B,59933,59,British Columbia / Colombie-Britannique,1,5,3,1,4,3,2,5,2,0,1
5410122.02,0122.02,541,Kitchener - Cambridge - Waterloo,B,35541,35,Ontario,0,0,0,0,0,0,0,1,0,0,0
5210112.03,0112.03,521,Kingston,B,35521,35,Ontario,0,0,0,0,0,0,0,0,1,0,0
5350368.01,0368.01,535,Toronto,B,35535,35,Ontario,1,3,0,0,2,0,2,2,1,0,0
9330003.01,0003.01,933,Vancouver,B,59933,59,British Columbia / Colombie-Britannique,0,0,0,0,0,0,0,0,0,0,0
5050010.00,0010.00,505,Ottawa - Gatineau (Ontario part / partie de l'Ontario),B,35505,35,Ontario,0,0,0,0,2,0,0,0,0,0,0
2050121.08,0121.08,205,Halifax,B,12205,12,Nova Scotia / Nouvelle-Écosse,0,0,0,0,0,0,0,0,0,0,0
8250207.02,0207.02,825,Calgary,B,48825,48,Alberta,0,0,0,0,3,2,2,0,3,0,0
8350121.09,0121.09,835,Edmonton,B,48835,48,Alberta,0,0,1,0,3,0,3,1,1,0,0
5550120.02,0120.02,555,London,B,35555,35,Ontario,0,0,0,0,0,0,0,0,0,0,0
4620758.05,0758.05,462,Montréal,B,24462,24,Quebec / Québec,0,1,0,0,0,0,0,0,0,0,0
5050902.00,0902.00,505,Ottawa - Gatineau (partie du Québec / Quebec part),B,24505,24,Quebec / Québec,0,0,0,0,0,0,0,0,0,0,0
5620001.00,0001.00,562,Sarnia,K,35562,35,Ontario,0,2,0,0,0,0,0,0,0,0,0
5350263.02,0263.02,535,Toronto,B,35535,35,Ontario,0,5,1,0,3,0,0,3,2,0,0
9150018.00,0018.00,915,Kelowna,B,59915,59,British Columbia / Colombie-Britannique,0,0,0,0,0,0,0,0,1,0,0
9330045.02,0045.02,933,Vancouver,B,59933,59,British Columbia / Colombie-Britannique,1,1,0,0,3,1,1,0,2,0,0
8250207.01,0207.01,825,Calgary,B,48825,48,Alberta,1,0,0,0,1,0,1,0,0,0,0
5550220.00,0220.00,555,London,B,35555,35,Ontario,0,1,0,0,2,1,1,0,5,0,0
9300029.00,0029.00,930,Chilliwack,K,59930,59,British Columbia / Colombie-Britannique,0,0,0,0,0,0,0,0,0,0,0
9330133.02,0133.02,933,Vancouver,B,59933,59,British Columbia / Colombie-Britannique,0,0,0,0,1,1,1,0,2,0,0
9330015.01,0015.01,933,Vancouver,B,59933,59,British Columbia / Colombie-Britannique,0,0,0,0,0,0,0,0,0,0,0
5370210.00,0210.00,537,Hamilton,B,35537,35,Ontario,0,0,2,0,1,1,0,0,0,0,0
7250007.00,0007.00,725,Saskatoon,B,47725,47,Saskatchewan,0,0,0,0,5,0,2,0,0,0,0
8100006.00,0006.00,810,Lethbridge,K,48810,48,Alberta,0,2,2,0,5,0,1,0,0,0,0
5050800.00,0800.00,505,Ottawa - Gatineau (partie du Québec / Quebec part),B,24505,24,Quebec / Québec,0,0,0,0,2,0,0,0,1,0,0
8250025.00,0025.00,825,Calgary,B,48825,48,Alberta,2,1,0,0,8,0,0,0,1,0,0
9350010.00,0010.00,935,Victoria,B,59935,59,British Columbia / Colombie-Britannique,1,55,4,9,50,21,5,6,29,0,0
4620884.02,0884.02,462,Montréal,B,24462,24,Quebec / Québec,0,15,8,0,13,5,1,4,3,1,0
5350142.00,0142.00,535,Toronto,B,35535,35,Ontario,0,6,0,0,1,2,0,1,0,0,0
4470010.00,0010.00,447,Drummondville,K,24447,24,Quebec / Québec,0,1,1,1,4,3,0,1,1,0,0
5350575.04,0575.04,535,Toronto,B,35535,35,Ontario,0,1,0,0,1,0,0,0,1,0,0
0010301.02,0301.02,001,St. John's,B,10001,10,Newfoundland and Labrador / Terre-Neuve-et-Labrador,0,0,0,0,0,0,1,0,1,0,0
4620042.00,0042.00,462,Montréal,B,24462,24,Quebec / Québec,0,1,1,0,3,2,0,0,5,0,0
8250027.00,0027.00,825,Calgary,B,48825,48,Alberta,2,13,0,0,10,6,0,1,1,0,0
5350378.22,0378.22,535,Toronto,B,35535,35,Ontario,0,0,0,0,0,0,0,0,0,0,0
9150012.00,0012.00,915,Kelowna,B,59915,59,British Columbia / Colombie-Britannique,1,29,3,3,21,11,1,4,9,1,0
8250007.04,0007.04,825,Calgary,B,48825,48,Alberta,0,3,0,1,4,1,1,0,0,0,0
4330300.02,0300.02,433,Sherbrooke,B,24433,24,Quebec / Québec,0,0,1,0,0,1,0,0,0,0,0
4620175.00,0175.00,462,Montréal,B,24462,24,Quebec / Québec,0,1,0,0,0,0,0,0,0,0,0
6020014.00,0014.00,602,Winnipeg,B,46602,46,Manitoba,0,19,2,0,11,0,0,0,1,0,1
9330058.00,0058.00,933,Vancouver,B,59933,59,British Columbia / Colombie-Britannique,0,1,1,0,28,1,1,0,5,0,0
5350378.19,0378.19,535,Toronto,B,35535,35,Ontario,1,4,0,0,5,0,0,2,0,0,0
5370026.05,0026.05,537,Hamilton,B,35537,35,Ontario,0,0,0,0,0,0,0,0,0,0,0
5370026.01,0026.01,537,Hamilton,B,35537,35,Ontario,0,0,0,0,0,0,0,0,0,0,1
5800132.00,0132.00,580,Greater Sudbury / Grand Sudbury,B,35580,35,Ontario,0,0,0,0,3,0,0,0,1,0,0
9330240.01,0240.01,933,Vancouver,B,59933,59,British Columbia / Colombie-Britannique,1,5,1,2,7,0,0,1,3,0,0
5350293.00,0293.00,535,Toronto,B,35535,35,Ontario,1,1,0,0,0,0,0,1,0,0,0
4620638.01,0638.01,462,Montréal,B,24462,24,Quebec / Québec,0,1,0,0,2,1,0,0,0,0,0
4620115.01,0115.01,462,Montréal,B,24462,24,Quebec / Québec,0,2,1,0,0,0,0,0,1,0,0
2050022.00,0022.00,205,Halifax,B,12205,12,Nova Scotia / Nouvelle-Écosse,0,1,0,1,3,1,1,0,2,0,0
5550047.00,0047.00,555,London,B,35555,35,Ontario,0,0,0,0,0,2,0,1,0,0,0
5900009.00,0009.00,590,Sault Ste. Marie,K,35590,35,Ontario,0,0,0,0,0,0,0,0,1,0,0
5350105.00,0105.00,535,Toronto,B,35535,35,Ontario,1,0,0,1,4,0,0,1,0,0,1
3100017.00,0017.00,310,Saint John,B,13310,13,New Brunswick / Nouveau-Brunswick,0,1,0,0,2,0,0,0,2,0,0
5350412.01,0412.01,535,Toronto,B,35535,35,Ontario,2,4,3,0,5,1,2,0,0,0,0
5350402.04,0402.04,535,Toronto,B,35535,35,Ontario,0,0,0,0,0,0,0,0,0,0,0
9330004.02,0004.02,933,Vancouver,B,59933,59,British Columbia / Colombie-Britannique,0,0,1,1,2,0,0,0,0,0,0
5350508.00,0508.00,535,Toronto,B,35535,35,Ontario,0,0,0,0,0,0,0,0,0,0,0
4620677.01,0677.01,462,Montréal,B,24462,24,Quebec / Québec,0,5,2,0,0,0,0,2,1,0,0
9330008.01,0008.01,933,Vancouver,B,59933,59,British Columbia / Colombie-Britannique,0,3,0,1,3,0,0,0,0,0,0
9330226.04,0226.04,933,Vancouver,B,59933,59,British Columbia / Colombie-Britannique,0,1,0,1,1,0,0,1,0,0,0
5350456.01,0456.01,535,Toronto,B,35535,35,Ontario,0,0,0,0,1,0,0,0,0,0,0
9330204.02,0204.02,933,Vancouver,B,59933,59,British Columbia / Colombie-Britannique,0,0,0,0,1,0,0,0,0,0,1
9330250.02,0250.02,933,Vancouver,B,59933,59,British Columbia / Colombie-Britannique,0,1,0,0,1,0,0,0,2,0,0
0010170.01,0170.01,001,St. John's,B,10001,10,Newfoundland and Labrador / Terre-Neuve-et-Labrador,0,0,1,1,1,0,0,0,0,0,0
4620687.01,0687.01,462,Montréal,B,24462,24,Quebec / Québec,0,0,0,0,1,0,1,0,0,0,0
7050014.00,0014.00,705,Regina,B,47705,47,Saskatchewan,0,1,0,0,5,0,1,0,1,0,0
3200013.00,0013.00,320,Fredericton,K,13320,13,New Brunswick / Nouveau-Brunswick,0,1,1,0,2,1,0,0,0,0,1
4470002.00,0002.00,447,Drummondville,K,24447,24,Quebec / Québec,0,2,4,0,1,1,0,1,1,0,0
2050150.02,0150.02,205,Halifax,B,12205,12,Nova Scotia / Nouvelle-Écosse,0,0,0,0,0,0,0,0,2,0,0
5500100.00,0100.00,550,Guelph,B,35550,35,Ontario,0,1,1,0,3,0,0,0,0,0,0
2050123.04,0123.04,205,Halifax,B,12205,12,Nova Scotia / Nouvelle-Écosse,0,3,1,0,1,0,0,0,4,0,0
5350473.03,0473.03,535,Toronto,B,35535,35,Ontario,1,3,0,1,2,0,1,0,1,0,0
5350411.23,0411.23,535,Toronto,B,35535,35,Ontario,0,0,0,0,0,0,0,0,0,0,0
9330142.03,0142.03,933,Vancouver,B,59933,59,British Columbia / Colombie-Britannique,0,0,1,0,0,0,1,0,0,0,0
4620649.01,0649.01,462,Montréal,B,24462,24,Quebec / Québec,0,0,0,0,0,0,0,0,0,0,0
5050003.00,0003.00,505,Ottawa - Gatineau (Ontario part / partie de l'Ontario),B,35505,35,Ontario,0,1,1,0,3,0,0,0,0,0,0
9330280.00,0280.00,933,Vancouver,B,59933,59,British Columbia / Colombie-Britannique,4,0,0,0,2,0,0,0,1,0,0
5320008.05,0008.05,532,Oshawa,B,35532,35,Ontario,0,0,0,0,3,0,1,0,2,0,0
8250001.04,0001.04,825,Calgary,B,48825,48,Alberta,0,0,0,1,0,2,1,0,0,0,0
5350576.38,0576.38,535,Toronto,B,35535,35,Ontario,0,0,0,0,0,0,0,0,0,0,0
4470007.00,0007.00,447,Drummondville,K,24447,24,Quebec / Québec,0,2,1,2,12,1,0,0,0,0,0
5550100.01,0100.01,555,London,B,35555,35,Ontario,0,0,0,0,1,1,0,0,0,0,0
5590008.00,0008.00,559,Windsor,B,35559,35,Ontario,0,0,0,0,0,0,0,0,0,0,0
5550044.04,0044.04,555,London,B,35555,35,Ontario,0,1,0,0,0,0,0,0,0,0,0
8250033.01,0033.01,825,Calgary,B,48825,48,Alberta,0,0,0,0,2,0,1,1,0,0,1
4210811.00,0811.00,421,Québec,B,24421,24,Quebec / Québec,0,7,2,1,7,4,2,3,8,0,0
5290105.00,0105.00,529,Peterborough,B,35529,35,Ontario,0,1,0,0,1,0,0,0,8,0,0
9330241.00,0241.00,933,Vancouver,B,59933,59,British Columbia / Colombie-Britannique,0,4,1,0,4,1,1,3,1,0,1
6020553.00,0553.00,602,Winnipeg,B,46602,46,Manitoba,0,0,1,1,0,0,0,0,0,0,0
5680001.04,0001.04,568,Barrie,B,35568,35,Ontario,0,0,0,0,0,0,0,0,0,0,0
3050010.02,0010.02,305,Moncton,B,13305,13,New Brunswick / Nouveau-Brunswick,1,1,2,0,2,2,0,0,2,0,1
4620850.03,0850.03,462,Montréal,B,24462,24,Quebec / Québec,0,1,0,0,0,0,0,0,0,0,0
5500014.00,0014.00,550,Guelph,B,35550,35,Ontario,0,0,1,1,7,0,0,0,0,0,0
5550010.02,0010.02,555,London,B,35555,35,Ontario,0,1,0,0,1,0,0,0,0,0,0
9250101.00,0101.00,925,Kamloops,K,59925,59,British Columbia / Colombie-Britannique,1,0,0,0,3,1,0,0,3,0,0
4620853.04,0853.04,462,Montréal,B,24462,24,Quebec / Québec,0,1,0,0,3,0,0,0,0,0,0
9250009.00,0009.00,925,Kamloops,K,59925,59,British Columbia / Colombie-Britannique,1,2,0,0,0,1,2,1,5,0,1
5050135.02,0135.02,505,Ottawa - Gatineau (Ontario part / partie de l'Ontario),B,35505,35,Ontario,0,1,0,0,1,0,0,0,0,0,0
4620857.08,0857.08,462,Montréal,B,24462,24,Quebec / Québec,0,0,2,0,1,1,0,0,1,0,0
4620604.02,0604.02,462,Montréal,B,24462,24,Quebec / Québec,0,0,1,0,0,0,0,0,0,0,0
9350121.03,0121.03,935,Victoria,B,59935,59,British Columbia / Colombie-Britannique,0,0,0,0,0,0,0,0,0,0,0
5350562.03,0562.03,535,Toronto,B,35535,35,Ontario,0,0,0,0,0,0,1,0,0,0,0
5350612.20,0612.20,535,Toronto,B,35535,35,Ontario,0,0,0,0,0,0,0,0,1,0,0
2050103.00,0103.00,205,Halifax,B,12205,12,Nova Scotia / Nouvelle-Écosse,0,3,0,0,1,0,1,2,3,0,0
5350431.02,0431.02,535,Toronto,B,35535,35,Ontario,0,1,0,0,1,0,0,1,0,0,0
5410009.04,0009.04,541,Kitchener - Cambridge - Waterloo,B,35541,35,Ontario,0,0,0,0,0,0,0,0,0,0,0
9250017.00,0017.00,925,Kamloops,K,59925,59,British Columbia / Colombie-Britannique,0,0,0,0,1,0,0,0,0,0,0
4620402.00,0402.00,462,Montréal,B,24462,24,Quebec / Québec,0,3,0,1,5,0,0,0,0,0,0
5350250.01,0250.01,535,Toronto,B,35535,35,Ontario,0,2,0,0,0,0,0,1,0,0,0
4620325.06,0325.06,462,Montréal,B,24462,24,Quebec / Québec,0,0,0,0,3,0,0,1,0,0,0
5370001.05,0001.05,537,Hamilton,B,35537,35,Ontario,0,0,1,0,0,0,0,1,1,1,0
4620873.02,0873.02,462,Montréal,B,24462,24,Quebec / Québec,0,0,0,0,2,1,0,0,0,0,0
4620850.01,0850.01,462,Montréal,B,24462,24,Quebec / Québec,0,0,0,0,2,0,0,1,0,0,0
7050100.11,0100.11,705,Regina,B,47705,47,Saskatchewan,0,0,0,0,0,1,0,0,8,0,0
5350067.00,0067.00,535,Toronto,B,35535,35,Ontario,0,2,0,0,1,0,0,0,0,0,0
8250038.29,0038.29,825,Calgary,B,48825,48,Alberta,0,0,0,0,1,0,1,0,0,0,0
8250077.01,0077.01,825,Calgary,B,48825,48,Alberta,1,5,1,0,2,1,0,0,0,0,0
5050130.02,0130.02,505,Ottawa - Gatineau (Ontario part / partie de l'Ontario),B,35505,35,Ontario,0,0,0,0,1,0,0,0,0,0,0
5050123.01,0123.01,505,Ottawa - Gatineau (Ontario part / partie de l'Ontario),B,35505,35,Ontario,0,0,1,0,2,1,1,1,0,0,0
8350078.14,0078.14,835,Edmonton,B,48835,48,Alberta,0,0,0,0,0,0,0,0,0,0,0
4620581.02,0581.02,462,Montréal,B,24462,24,Quebec / Québec,0,1,0,0,1,0,0,0,1,0,0
6020122.01,0122.01,602,Winnipeg,B,46602,46,Manitoba,0,1,0,0,1,0,0,0,3,0,0
5950022.04,0022.04,595,Thunder Bay,B,35595,35,Ontario,0,1,2,0,0,1,1,0,2,0,0
5350074.00,0074.00,535,Toronto,B,35535,35,Ontario,0,1,0,0,3,1,0,0,0,0,0
5410126.01,0126.01,541,Kitchener - Cambridge - Waterloo,B,35541,35,Ontario,1,2,2,0,5,0,1,1,0,0,0
4210011.00,0011.00,421,Québec,B,24421,24,Quebec / Québec,0,0,0,0,0,0,0,0,0,0,0
5350516.28,0516.28,535,Toronto,B,35535,35,Ontario,0,1,0,0,0,0,2,0,0,0,0
4620058.00,0058.00,462,Montréal,B,24462,24,Quebec / Québec,1,1,0,0,3,3,0,0,4,0,0
9330170.04,0170.04,933,Vancouver,B,59933,59,British Columbia / Colombie-Britannique,0,3,0,0,1,2,0,0,8,0,0
8250038.04,0038.04,825,Calgary,B,48825,48,Alberta,2,0,0,0,2,1,1,2,0,0,1
4620521.01,0521.01,462,Montréal,B,24462,24,Quebec / Québec,0,0,0,0,0,0,1,0,0,0,0
5050045.00,0045.00,505,Ottawa - Gatineau (Ontario part / partie de l'Ontario),B,35505,35,Ontario,1,8,1,1,11,3,1,1,1,0,0
5350576.50,0576.50,535,Toronto,B,35535,35,Ontario,0,0,0,0,0,0,0,0,0,0,0
5350063.01,0063.01,535,Toronto,B,35535,35,Ontario,4,23,0,1,16,6,1,2,10,1,0
4620150.00,0150.00,462,Montréal,B,24462,24,Quebec / Québec,0,0,1,0,3,0,0,0,0,0,0
5050019.00,0019.00,505,Ottawa - Gatineau (Ontario part / partie de l'Ontario),B,35505,35,Ontario,0,4,3,1,1,0,0,0,2,0,0
4620732.01,0732.01,462,Montréal,B,24462,24,Quebec / Québec,0,0,0,0,1,0,0,0,1,0,0
8250001.14,0001.14,825,Calgary,B,48825,48,Alberta,0,2,0,0,0,1,2,0,0,0,0
9330503.09,0503.09,933,Vancouver,B,59933,59,British Columbia / Colombie-Britannique,0,2,1,1,8,0,1,1,1,0,0
3200016.00,0016.00,320,Fredericton,K,13320,13,New Brunswick / Nouveau-Brunswick,0,0,0,0,0,0,0,0,0,0,0
4620133.00,0133.00,462,Montréal,B,24462,24,Quebec / Québec,1,4,1,0,8,9,1,1,5,1,0
4620325.03,0325.03,462,Montréal,B,24462,24,Quebec / Québec,0,1,0,0,0,0,0,0,1,0,0
5350050.01,0050.01,535,Toronto,B,35535,35,Ontario,1,8,0,0,5,0,2,0,0,0,0
5390001.00,0001.00,539,St. Catharines - Niagara,B,35539,35,Ontario,0,0,0,0,0,1,0,0,1,0,0
8350006.09,0006.09,835,Edmonton,B,48835,48,Alberta,0,0,0,0,1,0,0,0,0,0,0
8250001.30,0001.30,825,Calgary,B,48825,48,Alberta,0,1,0,0,1,2,1,0,0,0,0
5370080.05,0080.05,537,Hamilton,B,35537,35,Ontario,0,0,1,0,1,0,0,0,0,0,0
8350103.00,0103.00,835,Edmonton,B,48835,48,Alberta,2,1,0,0,1,1,4,0,1,0,0
5350480.01,0480.01,535,Toronto,B,35535,35,Ontario,0,1,0,0,2,1,0,0,0,0,0
9330184.02,0184.02,933,Vancouver,B,59933,59,British Columbia / Colombie-Britannique,1,5,1,1,3,3,2,4,1,0,2
5590019.04,0019.04,559,Windsor,B,35559,35,Ontario,0,0,0,0,0,0,0,0,1,0,0
5680003.00,0003.00,568,Barrie,B,35568,35,Ontario,2,2,0,0,5,1,4,2,3,0,0
8350120.05,0120.05,835,Edmonton,B,48835,48,Alberta,0,0,0,0,0,0,0,0,0,0,0
5550203.00,0203.00,555,London,B,35555,35,Ontario,0,0,0,0,5,0,0,0,1,0,0
3200014.00,0014.00,320,Fredericton,K,13320,13,New Brunswick / Nouveau-Brunswick,0,0,0,0,2,0,0,0,0,0,0
5050151.05,0151.05,505,Ottawa - Gatineau (Ontario part / partie de l'Ontario),B,35505,35,Ontario,0,0,1,0,0,0,0,0,0,0,0
8250001.13,0001.13,825,Calgary,B,48825,48,Alberta,1,0,0,0,0,0,1,0,0,0,0
5050170.08,0170.08,505,Ottawa - Gatineau (Ontario part / partie de l'Ontario),B,35505,35,Ontario,0,0,0,0,0,0,0,0,0,0,0
5350528.12,0528.12,535,Toronto,B,35535,35,Ontario,0,0,0,0,1,0,0,0,0,0,0
5800101.00,0101.00,580,Greater Sudbury / Grand Sudbury,B,35580,35,Ontario,0,0,0,0,0,0,1,0,1,0,0
5350412.20,0412.20,535,Toronto,B,35535,35,Ontario,0,0,0,0,0,0,0,0,0,0,1
8350035.00,0035.00,835,Edmonton,B,48835,48,Alberta,0,1,1,0,4,1,0,0,0,0,1
5050160.05,0160.05,505,Ottawa - Gatineau (Ontario part / partie de l'Ontario),B,35505,35,Ontario,0,0,0,0,1,0,0,0,0,0,0
8250002.02,0002.02,825,Calgary,B,48825,48,Alberta,0,3,1,1,10,3,4,5,2,1,0
5370008.00,0008.00,537,Hamilton,B,35537,35,Ontario,0,0,0,0,0,0,0,0,0,0,0
8050012.02,0012.02,805,Medicine Hat,K,48805,48,Alberta,0,1,0,0,0,0,1,0,1,0,0
5050060.00,0060.00,505,Ottawa - Gatineau (Ontario part / partie de l'Ontario),B,35505,35,Ontario,0,1,0,0,6,0,0,0,2,0,0
4620116.00,0116.00,462,Montréal,B,24462,24,Quebec / Québec,2,2,2,0,4,3,1,0,0,0,0
4620872.00,0872.00,462,Montréal,B,24462,24,Quebec / Québec,1,1,0,0,6,0,0,0,0,0,0
5350062.01,0062.01,535,Toronto,B,35535,35,Ontario,1,13,0,1,7,2,1,1,0,0,0
9330185.20,0185.20,933,Vancouver,B,59933,59,British Columbia / Colombie-Britannique,0,0,0,0,0,0,0,0,0,0,0
5350576.49,0576.49,535,Toronto,B,35535,35,Ontario,0,0,0,0,0,0,0,0,0,0,0
9300008.00,0008.00,930,Chilliwack,K,59930,59,British Columbia / Colombie-Britannique,0,1,0,0,1,1,0,1,2,0,0
4500004.00,0004.00,450,Granby,K,24450,24,Quebec / Québec,0,0,2,0,4,0,0,0,0,1,0
5350196.00,0196.00,535,Toronto,B,35535,35,Ontario,2,5,0,0,5,0,2,0,0,0,0
5050502.00,0502.00,505,Ottawa - Gatineau (partie du Québec / Quebec part),B,24505,24,Quebec / Québec,1,7,2,1,7,3,0,0,1,0,0
5350575.05,0575.05,535,Toronto,B,35535,35,Ontario,0,1,1,0,2,0,0,0,0,0,0
7050007.00,0007.00,705,Regina,B,47705,47,Saskatchewan,0,0,2,0,3,0,1,0,0,0,0
7250101.00,0101.00,725,Saskatoon,B,47725,47,Saskatchewan,0,0,0,0,0,0,1,0,1,0,0
8350028.00,0028.00,835,Edmonton,B,48835,48,Alberta,2,5,2,1,8,6,8,15,4,0,2
4620704.05,0704.05,462,Montréal,B,24462,24,Quebec / Québec,0,2,0,0,6,0,0,0,0,0,0
5390009.00,0009.00,539,St. Catharines - Niagara,B,35539,35,Ontario,2,2,6,3,7,1,1,2,1,0,1
9350154.02,0154.02,935,Victoria,B,59935,59,British Columbia / Colombie-Britannique,0,0,0,0,0,0,0,0,0,0,1
4620317.02,0317.02,462,Montréal,B,24462,24,Quebec / Québec,0,5,1,0,4,0,2,5,0,0,0
9330025.00,0025.00,933,Vancouver,B,59933,59,British Columbia / Colombie-Britannique,0,4,1,0,2,0,1,0,0,2,0
4620317.03,0317.03,462,Montréal,B,24462,24,Quebec / Québec,0,2,0,0,1,0,0,0,0,0,0
9320007.01,0007.01,932,Abbotsford - Mission,B,59932,59,British Columbia / Colombie-Britannique,0,1,0,0,2,0,0,0,0,0,0
5320009.03,0009.03,532,Oshawa,B,35532,35,Ontario,0,0,0,0,0,0,0,0,0,0,0
8250038.02,0038.02,825,Calgary,B,48825,48,Alberta,1,0,0,0,0,0,3,0,1,0,0
4210017.00,0017.00,421,Québec,B,24421,24,Quebec / Québec,0,1,2,0,1,1,0,0,2,0,0
9350132.03,0132.03,935,Victoria,B,59935,59,British Columbia / Colombie-Britannique,0,3,2,0,2,1,1,0,3,0,0
4420300.00,0300.00,442,Trois-Rivières,B,24442,24,Quebec / Québec,0,3,0,0,6,1,0,0,3,0,0
3200023.00,0023.00,320,Fredericton,K,13320,13,New Brunswick / Nouveau-Brunswick,0,1,0,0,1,0,0,0,1,0,0
4590004.00,0004.00,459,Saint-Jean-sur-Richelieu,K,24459,24,Quebec / Québec,0,0,0,0,0,0,0,0,0,0,0
5320010.00,0010.00,532,Oshawa,B,35532,35,Ontario,0,46,3,1,11,5,2,1,2,2,1
4620727.01,0727.01,462,Montréal,B,24462,24,Quebec / Québec,0,5,3,0,8,2,0,0,0,0,0
5350156.01,0156.01,535,Toronto,B,35535,35,Ontario,1,1,0,2,2,0,0,0,0,0,0
5500013.01,0013.01,550,Guelph,B,35550,35,Ontario,0,0,0,0,2,0,0,0,0,0,1
9330184.14,0184.14,933,Vancouver,B,59933,59,British Columbia / Colombie-Britannique,1,0,0,0,1,0,1,1,1,0,0
5350072.01,0072.01,535,Toronto,B,35535,35,Ontario,0,2,0,0,3,0,0,0,0,0,0
5350221.01,0221.01,535,Toronto,B,35535,35,Ontario,0,1,0,0,1,0,0,0,0,0,0
5290005.00,0005.00,529,Peterborough,B,35529,35,Ontario,0,0,0,0,4,1,0,2,1,0,0
5350248.03,0248.03,535,Toronto,B,35535,35,Ontario,0,6,1,0,4,0,1,4,0,0,0
4620870.02,0870.02,462,Montréal,B,24462,24,Quebec / Québec,0,0,1,0,0,1,0,1,0,0,0
4620194.00,0194.00,462,Montréal,B,24462,24,Quebec / Québec,0,0,1,0,2,1,0,0,0,0,0
8350161.01,0161.01,835,Edmonton,B,48835,48,Alberta,0,0,0,0,0,0,1,0,0,0,0
4620470.03,0470.03,462,Montréal,B,24462,24,Quebec / Québec,0,0,0,0,0,1,0,0,0,0,0
4620039.00,0039.00,462,Montréal,B,24462,24,Quebec / Québec,0,0,1,0,4,3,1,0,0,0,0
9700100.00,0100.00,970,Prince George,K,59970,59,British Columbia / Colombie-Britannique,0,0,0,0,0,0,0,0,0,0,0
5350086.00,0086.00,535,Toronto,B,35535,35,Ontario,0,1,0,0,1,0,0,0,1,0,0
4620229.00,0229.00,462,Montréal,B,24462,24,Quebec / Québec,0,0,0,0,2,0,0,0,0,0,0
5550001.03,0001.03,555,London,B,35555,35,Ontario,0,3,0,0,0,1,1,1,1,0,0
4620657.02,0657.02,462,Montréal,B,24462,24,Quebec / Québec,0,2,0,0,1,3,0,0,0,0,0
9330240.02,0240.02,933,Vancouver,B,59933,59,British Columbia / Colombie-Britannique,1,1,0,0,1,0,0,2,1,0,0
6020043.00,0043.00,602,Winnipeg,B,46602,46,Manitoba,0,0,0,1,18,0,0,0,1,0,2
5550205.00,0205.00,555,London,B,35555,35,Ontario,0,2,0,0,2,1,1,0,0,0,0
4620360.00,0360.00,462,Montréal,B,24462,24,Quebec / Québec,0,3,0,0,0,0,0,0,0,0,0
5350355.04,0355.04,535,Toronto,B,35535,35,Ontario,0,0,2,0,0,1,0,0,1,0,0
5350805.12,0805.12,535,Toronto,B,35535,35,Ontario,0,0,1,0,0,0,0,0,0,0,0
5350481.02,0481.02,535,Toronto,B,35535,35,Ontario,0,4,2,0,4,0,1,0,1,0,0
5350289.00,0289.00,535,Toronto,B,35535,35,Ontario,1,8,0,0,6,0,0,1,0,0,1
9330185.08,0185.08,933,Vancouver,B,59933,59,British Columbia / Colombie-Britannique,0,0,0,0,0,0,0,1,2,0,0
8350154.00,0154.00,835,Edmonton,B,48835,48,Alberta,3,0,0,0,1,0,1,0,0,0,0
5350071.00,0071.00,535,Toronto,B,35535,35,Ontario,0,1,0,0,4,2,0,1,0,0,0
5750017.00,0017.00,575,North Bay,K,35575,35,Ontario,0,0,1,0,2,0,1,0,0,0,0
4210850.05,0850.05,421,Québec,B,24421,24,Quebec / Québec,0,0,0,0,0,1,0,0,0,0,0
4210170.07,0170.07,421,Québec,B,24421,24,Quebec / Québec,0,0,0,0,0,0,0,0,0,0,0
2050122.04,0122.04,205,Halifax,B,12205,12,Nova Scotia / Nouvelle-Écosse,0,0,0,0,0,0,0,0,0,0,0
5800193.02,0193.02,580,Greater Sudbury / Grand Sudbury,B,35580,35,Ontario,0,0,0,0,0,0,0,0,0,0,0
4330110.01,0110.01,433,Sherbrooke,B,24433,24,Quebec / Québec,0,0,1,0,2,1,0,0,2,0,0
8350141.00,0141.00,835,Edmonton,B,48835,48,Alberta,0,0,0,0,0,0,0,0,0,0,0
3200005.00,0005.00,320,Fredericton,K,13320,13,New Brunswick / Nouveau-Brunswick,2,0,1,0,3,0,0,0,2,0,0
9330188.08,0188.08,933,Vancouver,B,59933,59,British Columbia / Colombie-Britannique,0,1,0,0,0,0,0,0,0,0,0
4620585.02,0585.02,462,Montréal,B,24462,24,Quebec / Québec,1,2,1,0,6,0,0,0,1,0,0
4620857.10,0857.10,462,Montréal,B,24462,24,Quebec / Québec,0,2,0,1,0,0,0,0,0,0,0
3100022.00,0022.00,310,Saint John,B,13310,13,New Brunswick / Nouveau-Brunswick,0,0,1,0,1,1,0,1,0,0,0
5350349.00,0349.00,535,Toronto,B,35535,35,Ontario,0,0,0,0,0,0,0,0,0,0,0
9330170.03,0170.03,933,Vancouver,B,59933,59,British Columbia / Colombie-Britannique,0,3,0,0,0,0,3,0,3,0,0
5350615.00,0615.00,535,Toronto,B,35535,35,Ontario,0,2,0,0,1,0,0,0,0,0,0
5350586.02,0586.02,535,Toronto,B,35535,35,Ontario,0,0,0,0,1,0,0,0,0,0,0
4620885.00,0885.00,462,Montréal,B,24462,24,Quebec / Québec,0,5,3,0,2,1,1,0,0,0,0
5410025.00,0025.00,541,Kitchener - Cambridge - Waterloo,B,35541,35,Ontario,0,0,0,0,2,1,0,1,2,0,0
7250012.07,0012.07,725,Saskatoon,B,47725,47,Saskatchewan,0,0,0,0,0,0,0,1,0,0,0
5350529.02,0529.02,535,Toronto,B,35535,35,Ontario,0,3,1,0,1,0,0,0,0,0,0
9330226.03,0226.03,933,Vancouver,B,59933,59,British Columbia / Colombie-Britannique,2,11,1,0,10,0,0,6,3,0,0
9250003.00,0003.00,925,Kamloops,K,59925,59,British Columbia / Colombie-Britannique,0,0,0,0,0,0,0,0,0,0,0
4590203.00,0203.00,459,Saint-Jean-sur-Richelieu,K,24459,24,Quebec / Québec,0,1,0,0,0,1,0,0,0,0,0
6020520.04,0520.04,602,Winnipeg,B,46602,46,Manitoba,0,0,0,0,2,0,0,0,1,0,0
5350515.02,0515.02,535,Toronto,B,35535,35,Ontario,0,1,1,0,1,0,0,0,4,0,0
4620604.01,0604.01,462,Montréal,B,24462,24,Quebec / Québec,0,0,0,0,0,1,0,0,0,0,0
4620364.00,0364.00,462,Montréal,B,24462,24,Quebec / Québec,1,1,1,0,1,0,1,0,0,0,0
5350343.00,0343.00,535,Toronto,B,35535,35,Ontario,0,0,0,0,1,1,0,0,0,0,0
5350401.09,0401.09,535,Toronto,B,35535,35,Ontario,1,3,0,0,3,0,0,0,1,0,0
9350160.05,0160.05,935,Victoria,B,59935,59,British Columbia / Colombie-Britannique,0,0,0,0,1,0,0,0,1,0,0
9330147.08,0147.08,933,Vancouver,B,59933,59,British Columbia / Colombie-Britannique,0,1,0,0,0,0,0,0,0,0,0
5350451.05,0451.05,535,Toronto,B,35535,35,Ontario,0,1,0,0,4,0,0,1,0,1,0
5410002.07,0002.07,541,Kitchener - Cambridge - Waterloo,B,35541,35,Ontario,0,0,0,0,1,0,0,0,0,0,0
5350573.10,0573.10,535,Toronto,B,35535,35,Ontario,0,0,0,0,0,0,0,0,0,0,0
5320102.01,0102.01,532,Oshawa,B,35532,35,Ontario,0,2,1,0,0,0,0,0,0,0,0
6020120.01,0120.01,602,Winnipeg,B,46602,46,Manitoba,0,1,0,1,1,0,1,2,2,0,0
8050007.00,0007.00,805,Medicine Hat,K,48805,48,Alberta,0,1,0,0,0,1,2,0,1,0,0
5800012.00,0012.00,580,Greater Sudbury / Grand Sudbury,B,35580,35,Ontario,1,13,1,2,9,0,0,0,2,1,0
5050181.01,0181.01,505,Ottawa - Gatineau (Ontario part / partie de l'Ontario),B,35505,35,Ontario,0,0,0,0,1,0,0,0,0,0,0
9330150.00,0150.00,933,Vancouver,B,59933,59,British Columbia / Colombie-Britannique,1,0,0,0,5,0,2,0,4,0,0
5370223.05,0223.05,537,Hamilton,B,35537,35,Ontario,0,0,0,0,0,0,0,0,0,0,0
5050138.00,0138.00,505,Ottawa - Gatineau (Ontario part / partie de l'Ontario),B,35505,35,Ontario,0,0,0,0,1,0,0,0,0,0,0
4620239.00,0239.00,462,Montréal,B,24462,24,Quebec / Québec,0,1,0,0,4,2,0,0,0,0,1
5750015.00,0015.00,575,North Bay,K,35575,35,Ontario,1,2,0,0,1,0,0,0,1,0,1
